4 0.22355769230769232 0.30528846153846156 0.07451923076923077 0.16826923076923078
1 0.21634615384615385 0.3798076923076923 0.08173076923076923 0.19230769230769232
0 0.1971153846153846 0.5096153846153846 0.06490384615384616 0.13942307692307693
0 0.25 0.21514423076923078 0.055288461538461536 0.12980769230769232
2 0.2608173076923077 0.1346153846153846 0.06009615384615385 0.1201923076923077
2 0.18269230769230768 0.6298076923076923 0.07932692307692307 0.125
5 0.16947115384615385 0.7620192307692307 0.07692307692307693 0.1346153846153846
5 0.2620192307692308 0.06610576923076923 0.052884615384615384 0.10096153846153846
3 0.3473557692307692 0.06370192307692307 0.04326923076923077 0.09615384615384616
3 0.3425480769230769 0.14423076923076922 0.04326923076923077 0.09615384615384616
3 0.3317307692307692 0.22956730769230768 0.04567307692307692 0.0985576923076923
3 0.3245192307692308 0.3125 0.04326923076923077 0.0985576923076923
3 0.3137019230769231 0.4110576923076923 0.05048076923076923 0.10096153846153846
3 0.30288461538461536 0.5240384615384616 0.055288461538461536 0.10817307692307693
3 0.28966346153846156 0.6370192307692307 0.052884615384615384 0.11298076923076923
3 0.2764423076923077 0.7632211538461539 0.055288461538461536 0.11298076923076923
10 0.8425480769230769 0.2704326923076923 0.06490384615384616 0.17548076923076922
7 0.8569711538461539 0.359375 0.07211538461538461 0.20192307692307693
6 0.8353365384615384 0.19110576923076922 0.052884615384615384 0.13942307692307693
6 0.8737980769230769 0.4891826923076923 0.057692307692307696 0.13701923076923078
8 0.8173076923076923 0.11298076923076923 0.055288461538461536 0.13221153846153846
8 0.8689903846153846 0.6081730769230769 0.0673076923076923 0.1466346153846154
11 0.9002403846153846 0.7584134615384616 0.07211538461538461 0.13942307692307693
11 0.8149038461538461 0.04807692307692308 0.05048076923076923 0.08653846153846154
9 0.7391826923076923 0.12860576923076922 0.04567307692307692 0.10096153846153846
9 0.7355769230769231 0.05048076923076923 0.04326923076923077 0.0889423076923077
9 0.7427884615384616 0.21514423076923078 0.04326923076923077 0.0985576923076923
9 0.75 0.30528846153846156 0.04807692307692308 0.10576923076923077
9 0.7524038461538461 0.4098557692307692 0.04807692307692308 0.10336538461538461
9 0.7644230769230769 0.5180288461538461 0.05048076923076923 0.0985576923076923
9 0.7692307692307693 0.6225961538461539 0.052884615384615384 0.10817307692307693
9 0.7848557692307693 0.7487980769230769 0.06490384615384616 0.11538461538461539