6 0.45552884615384615 0.42788461538461536 0.06490384615384616 0.14903846153846154
11 0.45072115384615385 0.3329326923076923 0.06971153846153846 0.13942307692307693
10 0.3557692307692308 0.13942307692307693 0.07211538461538461 0.18269230769230768
8 0.47596153846153844 0.6466346153846154 0.07932692307692307 0.15144230769230768
9 0.3737980769230769 0.5612980769230769 0.06009615384615385 0.12980769230769232
9 0.28365384615384615 0.16466346153846154 0.052884615384615384 0.10817307692307693
9 0.2692307692307692 0.33413461538461536 0.06490384615384616 0.11538461538461539
7 0.171875 0.30288461538461536 0.08653846153846154 0.21634615384615385
5 0.2764423076923077 0.06490384615384616 0.06009615384615385 0.12980769230769232
2 0.2548076923076923 0.6442307692307693 0.0889423076923077 0.16826923076923078
1 0.7884615384615384 0.28846153846153844 0.0889423076923077 0.20432692307692307
3 0.6045673076923077 0.33774038461538464 0.057692307692307696 0.11538461538461539
3 0.44711538461538464 0.5360576923076923 0.06009615384615385 0.11778846153846154
3 0.5649038461538461 0.6646634615384616 0.0625 0.11778846153846154