1 0.2800480769230769 0.2704326923076923 0.0985576923076923 0.22355769230769232
10 0.22355769230769232 0.0889423076923077 0.09134615384615384 0.1778846153846154
6 0.5516826923076923 0.40384615384615385 0.06971153846153846 0.16346153846153846
11 0.5552884615384616 0.3016826923076923 0.07932692307692307 0.14903846153846154
5 0.7259615384615384 0.040865384615384616 0.0673076923076923 0.08173076923076923
7 0.8461538461538461 0.26322115384615385 0.09615384615384616 0.23076923076923078
9 0.7235576923076923 0.11057692307692307 0.0673076923076923 0.12259615384615384
9 0.6490384615384616 0.5384615384615384 0.06971153846153846 0.12259615384615384
9 0.7475961538461539 0.296875 0.0625 0.12980769230769232
3 0.65625 0.40865384615384615 0.06490384615384616 0.12259615384615384
3 0.3894230769230769 0.30528846153846156 0.06490384615384616 0.12259615384615384
3 0.45072115384615385 0.6526442307692307 0.0625 0.12740384615384615