1 0.7199519230769231 0.2704326923076923 0.0985576923076923 0.22355769230769232
10 0.7764423076923077 0.0889423076923077 0.09134615384615384 0.1778846153846154
6 0.4483173076923077 0.40384615384615385 0.06971153846153846 0.16346153846153846
11 0.44471153846153844 0.3016826923076923 0.07932692307692307 0.14903846153846154
5 0.27403846153846156 0.040865384615384616 0.0673076923076923 0.08173076923076923
7 0.15384615384615385 0.26322115384615385 0.09615384615384616 0.23076923076923078
9 0.2764423076923077 0.11057692307692307 0.0673076923076923 0.12259615384615384
9 0.35096153846153844 0.5384615384615384 0.06971153846153846 0.12259615384615384
9 0.25240384615384615 0.296875 0.0625 0.12980769230769232
3 0.34375 0.40865384615384615 0.06490384615384616 0.12259615384615384
3 0.6105769230769231 0.30528846153846156 0.06490384615384616 0.12259615384615384
3 0.5492788461538461 0.6526442307692307 0.0625 0.12740384615384615