1 0.2283653846153846 0.28125 0.09134615384615384 0.21394230769230768
11 0.5853365384615384 0.3173076923076923 0.06971153846153846 0.1466346153846154
8 0.6706730769230769 0.4098557692307692 0.06971153846153846 0.15625
6 0.5769230769230769 0.4170673076923077 0.0625 0.1658653846153846
10 0.6754807692307693 0.11298076923076923 0.07211538461538461 0.18990384615384615
7 0.8665865384615384 0.2800480769230769 0.08653846153846154 0.2283653846153846
9 0.7524038461538461 0.13581730769230768 0.0625 0.11298076923076923
9 0.7704326923076923 0.3173076923076923 0.06009615384615385 0.12259615384615384
9 0.6706730769230769 0.5540865384615384 0.06009615384615385 0.12740384615384615
5 0.7536057692307693 0.052884615384615384 0.06971153846153846 0.10576923076923077
3 0.4182692307692308 0.3269230769230769 0.057692307692307696 0.125
3 0.5913461538461539 0.5336538461538461 0.0625 0.11778846153846154
3 0.4699519230769231 0.6658653846153846 0.06490384615384616 0.12740384615384615