1 0.7716346153846154 0.28125 0.09134615384615384 0.21394230769230768
11 0.41466346153846156 0.3173076923076923 0.06971153846153846 0.1466346153846154
8 0.3293269230769231 0.4098557692307692 0.06971153846153846 0.15625
6 0.4230769230769231 0.4170673076923077 0.0625 0.1658653846153846
10 0.3245192307692308 0.11298076923076923 0.07211538461538461 0.18990384615384615
7 0.13341346153846154 0.2800480769230769 0.08653846153846154 0.2283653846153846
9 0.24759615384615385 0.13581730769230768 0.0625 0.11298076923076923
9 0.22956730769230768 0.3173076923076923 0.06009615384615385 0.12259615384615384
9 0.3293269230769231 0.5540865384615384 0.06009615384615385 0.12740384615384615
5 0.24639423076923078 0.052884615384615384 0.06971153846153846 0.10576923076923077
3 0.5817307692307693 0.3269230769230769 0.057692307692307696 0.125
3 0.40865384615384615 0.5336538461538461 0.0625 0.11778846153846154
3 0.5300480769230769 0.6658653846153846 0.06490384615384616 0.12740384615384615