7 0.15625 0.390625 0.07692307692307693 0.20673076923076922
11 0.19471153846153846 0.07572115384615384 0.06009615384615385 0.12740384615384615
6 0.18509615384615385 0.13581730769230768 0.0625 0.14903846153846154
6 0.13581730769230768 0.6514423076923077 0.07692307692307693 0.14423076923076922
8 0.15745192307692307 0.53125 0.0625 0.13942307692307693
8 0.34615384615384615 0.3173076923076923 0.055288461538461536 0.1346153846153846
10 0.3425480769230769 0.13581730769230768 0.0673076923076923 0.17548076923076922
9 0.41225961538461536 0.07572115384615384 0.05048076923076923 0.11057692307692307
9 0.41346153846153844 0.23798076923076922 0.052884615384615384 0.10576923076923077
9 0.2704326923076923 0.15264423076923078 0.05048076923076923 0.10817307692307693
9 0.25721153846153844 0.32572115384615385 0.052884615384615384 0.10817307692307693
9 0.25600961538461536 0.4266826923076923 0.06009615384615385 0.11057692307692307
9 0.23918269230769232 0.6526442307692307 0.06490384615384616 0.11538461538461539
4 0.5144230769230769 0.41225961538461536 0.06490384615384616 0.1875
0 0.35216346153846156 0.5324519230769231 0.0625 0.14903846153846154
2 0.5901442307692307 0.3293269230769231 0.0625 0.14423076923076922
2 0.6298076923076923 0.6466346153846154 0.0673076923076923 0.1658653846153846
1 0.7680288461538461 0.29086538461538464 0.08173076923076923 0.19951923076923078
0 0.6490384615384616 0.07932692307692307 0.055288461538461536 0.13942307692307693
5 0.7307692307692307 0.08173076923076923 0.057692307692307696 0.12740384615384615
5 0.7992788461538461 0.5360576923076923 0.07211538461538461 0.1466346153846154
3 0.7319711538461539 0.7800480769230769 0.0625 0.11298076923076923
3 0.6802884615384616 0.3389423076923077 0.052884615384615384 0.10576923076923077
3 0.5745192307692307 0.16947115384615385 0.05048076923076923 0.11298076923076923
3 0.5096153846153846 0.2536057692307692 0.04807692307692308 0.10817307692307693
3 0.6009615384615384 0.5288461538461539 0.052884615384615384 0.11538461538461539
3 0.5336538461538461 0.6598557692307693 0.055288461538461536 0.1201923076923077