1 0.20793269230769232 0.3112980769230769 0.09375 0.23317307692307693
5 0.4206730769230769 0.08413461538461539 0.06490384615384616 0.14423076923076922
0 0.48677884615384615 0.24158653846153846 0.07451923076923077 0.16826923076923078
3 0.3016826923076923 0.359375 0.06009615384615385 0.125
3 0.3858173076923077 0.5757211538461539 0.06490384615384616 0.13221153846153846
3 0.45552884615384615 0.7067307692307693 0.06490384615384616 0.13942307692307693
3 0.5841346153846154 0.1875 0.06490384615384616 0.12980769230769232
2 0.6622596153846154 0.4651442307692308 0.07932692307692307 0.1658653846153846
2 0.7800480769230769 0.6826923076923077 0.08173076923076923 0.17548076923076922
8 0.7920673076923077 0.8401442307692307 0.08413461538461539 0.1658653846153846
11 0.8233173076923077 0.09134615384615384 0.07211538461538461 0.13942307692307693
10 0.6610576923076923 0.15144230769230768 0.07211538461538461 0.19230769230769232
7 0.859375 0.32211538461538464 0.09615384615384616 0.21875
6 0.5649038461538461 0.453125 0.06971153846153846 0.17067307692307693
9 0.6598557692307693 0.34615384615384615 0.057692307692307696 0.12259615384615384
9 0.7391826923076923 0.17307692307692307 0.0625 0.1201923076923077
9 0.7560096153846154 0.35697115384615385 0.06490384615384616 0.12980769230769232
9 0.6598557692307693 0.5997596153846154 0.07451923076923077 0.1346153846153846