7 0.8485576923076923 0.33052884615384615 0.07692307692307693 0.2091346153846154
1 0.19471153846153846 0.34615384615384615 0.08413461538461539 0.20432692307692307
10 0.8293269230769231 0.23798076923076922 0.07451923076923077 0.18269230769230768
4 0.1971153846153846 0.2704326923076923 0.08173076923076923 0.17548076923076922
8 0.8665865384615384 0.5841346153846154 0.08173076923076923 0.1466346153846154
2 0.5625 0.3641826923076923 0.06490384615384616 0.14423076923076922
2 0.39903846153846156 0.08774038461538461 0.055288461538461536 0.14423076923076922
6 0.8689903846153846 0.4651442307692308 0.06490384615384616 0.14182692307692307
8 0.6394230769230769 0.15384615384615385 0.055288461538461536 0.14182692307692307
11 0.7776442307692307 0.7355769230769231 0.06971153846153846 0.14182692307692307
6 0.8233173076923077 0.15865384615384615 0.057692307692307696 0.14182692307692307
0 0.22956730769230768 0.1778846153846154 0.055288461538461536 0.13942307692307693
0 0.28846153846153844 0.6045673076923077 0.06490384615384616 0.13942307692307693
0 0.15144230769230768 0.7355769230769231 0.07932692307692307 0.1346153846153846
0 0.23317307692307693 0.040865384615384616 0.055288461538461536 0.08173076923076923
9 0.5709134615384616 0.7367788461538461 0.057692307692307696 0.11538461538461539
3 0.38461538461538464 0.6057692307692307 0.06009615384615385 0.11538461538461539
3 0.36177884615384615 0.7391826923076923 0.057692307692307696 0.11298076923076923
9 0.7620192307692307 0.49278846153846156 0.06490384615384616 0.11057692307692307
11 0.8028846153846154 0.026442307692307692 0.052884615384615384 0.052884615384615384
9 0.765625 0.6009615384615384 0.0673076923076923 0.11057692307692307
9 0.7451923076923077 0.3786057692307692 0.06490384615384616 0.10817307692307693
9 0.7199519230769231 0.03125 0.05048076923076923 0.0625
9 0.7295673076923077 0.1814903846153846 0.052884615384615384 0.10817307692307693
3 0.2848557692307692 0.49278846153846156 0.057692307692307696 0.10576923076923077
3 0.48197115384615385 0.265625 0.052884615384615384 0.10576923076923077
3 0.3088942307692308 0.1935096153846154 0.04807692307692308 0.10576923076923077
9 0.5697115384615384 0.09615384615384616 0.04807692307692308 0.10576923076923077
9 0.7391826923076923 0.27283653846153844 0.052884615384615384 0.10336538461538461
3 0.3161057692307692 0.10576923076923077 0.04807692307692308 0.0985576923076923
3 0.32091346153846156 0.03365384615384615 0.04567307692307692 0.0673076923076923
3 0.28966346153846156 0.3798076923076923 0.055288461538461536 0.11298076923076923