1 0.2620192307692308 0.5985576923076923 0.08413461538461539 0.21394230769230768
5 0.1466346153846154 0.7439903846153846 0.08173076923076923 0.15384615384615385
4 0.38221153846153844 0.28725961538461536 0.06009615384615385 0.17548076923076922
3 0.3605769230769231 0.5060096153846154 0.055288461538461536 0.11057692307692307
3 0.3016826923076923 0.22355769230769232 0.052884615384615384 0.10817307692307693
3 0.4639423076923077 0.2932692307692308 0.057692307692307696 0.11298076923076923
2 0.5432692307692307 0.38822115384615385 0.0673076923076923 0.13701923076923078
11 0.3425480769230769 0.7199519230769231 0.07451923076923077 0.13701923076923078
10 0.6177884615384616 0.28365384615384615 0.06971153846153846 0.16826923076923078
7 0.7163461538461539 0.35697115384615385 0.0889423076923077 0.18990384615384615
11 0.7944711538461539 0.19230769230769232 0.06490384615384616 0.12740384615384615
9 0.5444711538461539 0.28966346153846156 0.052884615384615384 0.10817307692307693
9 0.6153846153846154 0.13581730769230768 0.052884615384615384 0.10576923076923077
9 0.6923076923076923 0.04927884615384615 0.05048076923076923 0.0985576923076923
9 0.7271634615384616 0.6009615384615384 0.0625 0.11538461538461539