0 0.25841346153846156 0.16105769230769232 0.052884615384615384 0.13221153846153846
0 0.47716346153846156 0.3293269230769231 0.05048076923076923 0.13221153846153846
4 0.28725961538461536 0.4182692307692308 0.055288461538461536 0.16826923076923078
2 0.22596153846153846 0.30288461538461536 0.07692307692307693 0.19230769230769232
5 0.13581730769230768 0.7980769230769231 0.07692307692307693 0.14182692307692307
5 0.27403846153846156 0.08533653846153846 0.055288461538461536 0.1201923076923077
2 0.17427884615384615 0.5564903846153846 0.07692307692307693 0.13942307692307693
3 0.3137019230769231 0.3485576923076923 0.04567307692307692 0.10576923076923077
2 0.3918269230769231 0.3485576923076923 0.0625 0.13942307692307693
3 0.3473557692307692 0.09254807692307693 0.04567307692307692 0.10096153846153846
3 0.42427884615384615 0.17668269230769232 0.04567307692307692 0.10336538461538461
3 0.4855769230769231 0.26322115384615385 0.04567307692307692 0.10576923076923077
3 0.46875 0.4519230769230769 0.052884615384615384 0.10817307692307693
3 0.2439903846153846 0.796875 0.055288461538461536 0.11538461538461539
3 0.3942307692307692 0.5528846153846154 0.05048076923076923 0.11057692307692307
3 0.4495192307692308 0.6742788461538461 0.055288461538461536 0.11298076923076923
8 0.6502403846153846 0.3269230769230769 0.06009615384615385 0.1346153846153846
11 0.6466346153846154 0.7836538461538461 0.0673076923076923 0.13942307692307693
11 0.8112980769230769 0.08413461538461539 0.05048076923076923 0.11778846153846154
6 0.8209134615384616 0.14423076923076922 0.06009615384615385 0.14423076923076922
6 0.8569711538461539 0.6634615384615384 0.06971153846153846 0.14423076923076922
7 0.8401442307692307 0.4050480769230769 0.07451923076923077 0.20192307692307693
9 0.5853365384615384 0.24519230769230768 0.04567307692307692 0.10576923076923077
10 0.7319711538461539 0.21634615384615385 0.07211538461538461 0.17067307692307693
9 0.5925480769230769 0.0829326923076923 0.04567307692307692 0.10096153846153846
9 0.734375 0.15865384615384615 0.04567307692307692 0.0985576923076923
9 0.7427884615384616 0.33774038461538464 0.05048076923076923 0.10336538461538461
9 0.7415865384615384 0.4362980769230769 0.055288461538461536 0.11057692307692307
9 0.7487980769230769 0.6694711538461539 0.05048076923076923 0.10336538461538461
9 0.5661057692307693 0.5576923076923077 0.04807692307692308 0.11778846153846154
9 0.5432692307692307 0.796875 0.057692307692307696 0.11057692307692307