0 0.24759615384615385 0.14783653846153846 0.055288461538461536 0.1346153846153846
0 0.47836538461538464 0.32091346153846156 0.052884615384615384 0.1346153846153846
4 0.28846153846153844 0.41225961538461536 0.057692307692307696 0.17307692307692307
2 0.21995192307692307 0.29447115384615385 0.07932692307692307 0.19471153846153846
5 0.14903846153846154 0.7980769230769231 0.07932692307692307 0.14423076923076922
5 0.2608173076923077 0.07091346153846154 0.057692307692307696 0.12259615384615384
2 0.17908653846153846 0.5528846153846154 0.07692307692307693 0.14182692307692307
3 0.3112980769230769 0.3401442307692308 0.04807692307692308 0.10817307692307693
2 0.3918269230769231 0.3401442307692308 0.06490384615384616 0.14182692307692307
3 0.33533653846153844 0.07932692307692307 0.04807692307692308 0.10336538461538461
3 0.4182692307692308 0.16706730769230768 0.04807692307692308 0.10576923076923077
3 0.4855769230769231 0.2548076923076923 0.04807692307692308 0.10817307692307693
3 0.47475961538461536 0.44711538461538464 0.055288461538461536 0.10817307692307693
3 0.25841346153846156 0.796875 0.057692307692307696 0.11778846153846154
3 0.4026442307692308 0.5492788461538461 0.052884615384615384 0.11298076923076923
3 0.4651442307692308 0.6742788461538461 0.057692307692307696 0.11538461538461539
8 0.6550480769230769 0.31971153846153844 0.0625 0.13701923076923078
11 0.6706730769230769 0.7860576923076923 0.06971153846153846 0.14182692307692307
11 0.8088942307692307 0.0733173076923077 0.052884615384615384 0.1201923076923077
6 0.8233173076923077 0.1346153846153846 0.06009615384615385 0.1466346153846154
6 0.8810096153846154 0.6646634615384616 0.06971153846153846 0.1466346153846154
7 0.8533653846153846 0.4026442307692308 0.07932692307692307 0.20432692307692307
9 0.5841346153846154 0.23677884615384615 0.04807692307692308 0.10817307692307693
10 0.7331730769230769 0.2091346153846154 0.07451923076923077 0.17307692307692307
9 0.5853365384615384 0.07091346153846154 0.04567307692307692 0.10336538461538461
9 0.734375 0.14903846153846154 0.04567307692307692 0.10096153846153846
9 0.75 0.33052884615384615 0.052884615384615384 0.10576923076923077
9 0.7512019230769231 0.4338942307692308 0.057692307692307696 0.11298076923076923
9 0.7704326923076923 0.6706730769230769 0.05048076923076923 0.10576923076923077
9 0.578125 0.5564903846153846 0.05048076923076923 0.1201923076923077
9 0.5637019230769231 0.7992788461538461 0.06009615384615385 0.11298076923076923