4 0.38341346153846156 0.28846153846153844 0.0625 0.17548076923076922
8 0.4699519230769231 0.12740384615384615 0.06490384615384616 0.14903846153846154
10 0.6165865384615384 0.2824519230769231 0.07211538461538461 0.18990384615384615
7 0.7127403846153846 0.3581730769230769 0.0673076923076923 0.19951923076923078
9 0.5432692307692307 0.2932692307692308 0.04807692307692308 0.10817307692307693
9 0.6117788461538461 0.13822115384615385 0.052884615384615384 0.11298076923076923
9 0.7223557692307693 0.6045673076923077 0.06009615384615385 0.12259615384615384
9 0.6935096153846154 0.04927884615384615 0.05048076923076923 0.0985576923076923
11 0.7908653846153846 0.19471153846153846 0.0625 0.125
11 0.34615384615384615 0.7175480769230769 0.07451923076923077 0.14423076923076922
2 0.5396634615384616 0.390625 0.0673076923076923 0.1466346153846154
5 0.14543269230769232 0.7379807692307693 0.07211538461538461 0.13942307692307693
1 0.2620192307692308 0.5913461538461539 0.08173076923076923 0.20432692307692307
3 0.359375 0.5060096153846154 0.055288461538461536 0.11298076923076923
3 0.4651442307692308 0.296875 0.05048076923076923 0.10817307692307693
3 0.3016826923076923 0.2283653846153846 0.04807692307692308 0.10576923076923077