0 0.5973557692307693 0.14543269230769232 0.0625 0.14903846153846154
1 0.7692307692307693 0.2848557692307692 0.09615384615384616 0.21634615384615385
5 0.5096153846153846 0.23677884615384615 0.06971153846153846 0.12740384615384615
2 0.42908653846153844 0.24158653846153846 0.06971153846153846 0.13701923076923078
2 0.41466346153846156 0.7884615384615384 0.08413461538461539 0.16346153846153846
3 0.7259615384615384 0.7860576923076923 0.07211538461538461 0.13701923076923078
5 0.5685096153846154 0.06610576923076923 0.0673076923076923 0.13221153846153846
3 0.6778846153846154 0.3329326923076923 0.0625 0.11538461538461539
3 0.5240384615384616 0.6706730769230769 0.0625 0.125
3 0.59375 0.5360576923076923 0.0673076923076923 0.125
3 0.48677884615384615 0.15865384615384615 0.055288461538461536 0.11538461538461539
3 0.4110576923076923 0.16706730769230768 0.05048076923076923 0.1201923076923077
7 0.140625 0.4098557692307692 0.09134615384615384 0.21634615384615385
10 0.33774038461538464 0.1346153846153846 0.06971153846153846 0.18269230769230768
8 0.20432692307692307 0.8004807692307693 0.0889423076923077 0.1658653846153846
11 0.18629807692307693 0.07692307692307693 0.06490384615384616 0.12980769230769232
6 0.17307692307692307 0.14182692307692307 0.06490384615384616 0.15144230769230768
6 0.3401442307692308 0.4266826923076923 0.0673076923076923 0.14903846153846154
9 0.4074519230769231 0.0733173076923077 0.055288461538461536 0.11298076923076923
9 0.2608173076923077 0.15625 0.057692307692307696 0.11057692307692307
9 0.24278846153846154 0.33774038461538464 0.057692307692307696 0.11778846153846154
9 0.23918269230769232 0.43990384615384615 0.0625 0.12259615384615384
9 0.3329326923076923 0.5649038461538461 0.0625 0.125