4 0.7908653846153846 0.2764423076923077 0.07211538461538461 0.16105769230769232
1 0.7944711538461539 0.35096153846153844 0.07451923076923077 0.19230769230769232
0 0.8161057692307693 0.47836538461538464 0.06009615384615385 0.1346153846153846
0 0.7632211538461539 0.19230769230769232 0.05048076923076923 0.12980769230769232
2 0.7536057692307693 0.11658653846153846 0.06009615384615385 0.11298076923076923
2 0.8317307692307693 0.5997596153846154 0.07451923076923077 0.125
5 0.7524038461538461 0.04807692307692308 0.04807692307692308 0.09615384615384616
5 0.8449519230769231 0.7247596153846154 0.06971153846153846 0.12980769230769232
3 0.7415865384615384 0.7271634615384616 0.055288461538461536 0.10336538461538461
3 0.7283653846153846 0.6033653846153846 0.052884615384615384 0.10336538461538461
3 0.7151442307692307 0.4963942307692308 0.04567307692307692 0.0985576923076923
3 0.7043269230769231 0.390625 0.04567307692307692 0.10096153846153846
3 0.6923076923076923 0.2920673076923077 0.04807692307692308 0.09615384615384616
3 0.6826923076923077 0.2091346153846154 0.040865384615384616 0.0985576923076923
3 0.6742788461538461 0.12620192307692307 0.04326923076923077 0.09134615384615384
3 0.6694711538461539 0.04447115384615385 0.040865384615384616 0.0889423076923077
10 0.1875 0.2692307692307692 0.06490384615384616 0.17067307692307693
7 0.171875 0.35697115384615385 0.0673076923076923 0.19471153846153846
6 0.19110576923076922 0.19471153846153846 0.05048076923076923 0.1346153846153846
6 0.15504807692307693 0.4855769230769231 0.057692307692307696 0.1346153846153846
8 0.21033653846153846 0.1141826923076923 0.052884615384615384 0.12980769230769232
8 0.15985576923076922 0.6009615384615384 0.0673076923076923 0.14423076923076922
11 0.1346153846153846 0.7487980769230769 0.06490384615384616 0.13701923076923078
11 0.21153846153846154 0.046875 0.04807692307692308 0.09375
9 0.28966346153846156 0.04567307692307692 0.040865384615384616 0.09134615384615384
9 0.2860576923076923 0.125 0.04326923076923077 0.09134615384615384
9 0.28125 0.21394230769230768 0.04326923076923077 0.10096153846153846
9 0.27524038461538464 0.2980769230769231 0.05048076923076923 0.10096153846153846
9 0.27524038461538464 0.4026442307692308 0.04807692307692308 0.10096153846153846
9 0.25961538461538464 0.5096153846153846 0.057692307692307696 0.10576923076923077
9 0.25841346153846156 0.6129807692307693 0.052884615384615384 0.10817307692307693
9 0.24519230769230768 0.7391826923076923 0.057692307692307696 0.10576923076923077