4 0.7716346153846154 0.2512019230769231 0.06971153846153846 0.15625
1 0.7728365384615384 0.33774038461538464 0.09134615384615384 0.19951923076923078
0 0.7451923076923077 0.17307692307692307 0.06009615384615385 0.13701923076923078
0 0.7800480769230769 0.47836538461538464 0.0673076923076923 0.13701923076923078
5 0.7319711538461539 0.08533653846153846 0.0625 0.125
5 0.8004807692307693 0.5961538461538461 0.08173076923076923 0.14182692307692307
5 0.7307692307692307 0.039663461538461536 0.055288461538461536 0.06490384615384616
5 0.8100961538461539 0.7319711538461539 0.08653846153846154 0.13942307692307693
3 0.640625 0.038461538461538464 0.04567307692307692 0.057692307692307696
3 0.6442307692307693 0.09975961538461539 0.04807692307692308 0.10096153846153846
3 0.6526442307692307 0.18629807692307693 0.052884615384615384 0.10336538461538461
3 0.6586538461538461 0.27163461538461536 0.052884615384615384 0.11538461538461539
3 0.6706730769230769 0.3737980769230769 0.04807692307692308 0.11298076923076923
3 0.6802884615384616 0.484375 0.05048076923076923 0.11778846153846154
3 0.6923076923076923 0.6045673076923077 0.055288461538461536 0.11538461538461539
3 0.7019230769230769 0.734375 0.06009615384615385 0.12740384615384615
10 0.125 0.2608173076923077 0.07692307692307693 0.18028846153846154
7 0.10817307692307693 0.35216346153846156 0.08173076923076923 0.2091346153846154
6 0.13341346153846154 0.17908653846153846 0.0625 0.14182692307692307
6 0.08653846153846154 0.484375 0.06971153846153846 0.14903846153846154
8 0.14423076923076922 0.0985576923076923 0.0625 0.12980769230769232
8 0.07692307692307693 0.6298076923076923 0.07932692307692307 0.14903846153846154
11 0.06009615384615385 0.7644230769230769 0.07692307692307693 0.15384615384615385
11 0.15504807692307693 0.04927884615384615 0.06009615384615385 0.052884615384615384
9 0.23317307692307693 0.04447115384615385 0.052884615384615384 0.04567307692307692
9 0.23197115384615385 0.10576923076923077 0.055288461538461536 0.10096153846153846
9 0.22716346153846154 0.19831730769230768 0.055288461538461536 0.10576923076923077
9 0.21514423076923078 0.28966346153846156 0.06490384615384616 0.10817307692307693
9 0.21153846153846154 0.40024038461538464 0.06490384615384616 0.11538461538461539
9 0.19591346153846154 0.5096153846153846 0.0673076923076923 0.10576923076923077
9 0.19110576923076922 0.6213942307692307 0.06971153846153846 0.11538461538461539
9 0.17548076923076922 0.7536057692307693 0.06971153846153846 0.11298076923076923