4 0.2283653846153846 0.2512019230769231 0.06971153846153846 0.15625
1 0.22716346153846154 0.33774038461538464 0.09134615384615384 0.19951923076923078
0 0.2548076923076923 0.17307692307692307 0.06009615384615385 0.13701923076923078
0 0.21995192307692307 0.47836538461538464 0.0673076923076923 0.13701923076923078
5 0.26802884615384615 0.08533653846153846 0.0625 0.125
5 0.19951923076923078 0.5961538461538461 0.08173076923076923 0.14182692307692307
5 0.2692307692307692 0.039663461538461536 0.055288461538461536 0.06490384615384616
5 0.18990384615384615 0.7319711538461539 0.08653846153846154 0.13942307692307693
3 0.359375 0.038461538461538464 0.04567307692307692 0.057692307692307696
3 0.3557692307692308 0.09975961538461539 0.04807692307692308 0.10096153846153846
3 0.3473557692307692 0.18629807692307693 0.052884615384615384 0.10336538461538461
3 0.34134615384615385 0.27163461538461536 0.052884615384615384 0.11538461538461539
3 0.3293269230769231 0.3737980769230769 0.04807692307692308 0.11298076923076923
3 0.31971153846153844 0.484375 0.05048076923076923 0.11778846153846154
3 0.3076923076923077 0.6045673076923077 0.055288461538461536 0.11538461538461539
3 0.2980769230769231 0.734375 0.06009615384615385 0.12740384615384615
10 0.875 0.2608173076923077 0.07692307692307693 0.18028846153846154
7 0.8918269230769231 0.35216346153846156 0.08173076923076923 0.2091346153846154
6 0.8665865384615384 0.17908653846153846 0.0625 0.14182692307692307
6 0.9134615384615384 0.484375 0.06971153846153846 0.14903846153846154
8 0.8557692307692307 0.0985576923076923 0.0625 0.12980769230769232
8 0.9230769230769231 0.6298076923076923 0.07932692307692307 0.14903846153846154
11 0.9399038461538461 0.7644230769230769 0.07692307692307693 0.15384615384615385
11 0.8449519230769231 0.04927884615384615 0.06009615384615385 0.052884615384615384
9 0.7668269230769231 0.04447115384615385 0.052884615384615384 0.04567307692307692
9 0.7680288461538461 0.10576923076923077 0.055288461538461536 0.10096153846153846
9 0.7728365384615384 0.19831730769230768 0.055288461538461536 0.10576923076923077
9 0.7848557692307693 0.28966346153846156 0.06490384615384616 0.10817307692307693
9 0.7884615384615384 0.40024038461538464 0.06490384615384616 0.11538461538461539
9 0.8040865384615384 0.5096153846153846 0.0673076923076923 0.10576923076923077
9 0.8088942307692307 0.6213942307692307 0.06971153846153846 0.11538461538461539
9 0.8245192307692307 0.7536057692307693 0.06971153846153846 0.11298076923076923