4 0.7932692307692307 0.25961538461538464 0.06490384615384616 0.15625
1 0.7992788461538461 0.34615384615384615 0.08413461538461539 0.19951923076923078
0 0.7644230769230769 0.1814903846153846 0.055288461538461536 0.13701923076923078
0 0.8112980769230769 0.4879807692307692 0.0625 0.13701923076923078
5 0.7463942307692307 0.09375 0.06009615384615385 0.125
5 0.8365384615384616 0.6057692307692307 0.07692307692307693 0.14182692307692307
5 0.7439903846153846 0.05048076923076923 0.052884615384615384 0.06009615384615385
5 0.8497596153846154 0.7403846153846154 0.07932692307692307 0.13942307692307693
3 0.6538461538461539 0.04447115384615385 0.04807692307692308 0.052884615384615384
3 0.6598557692307693 0.10216346153846154 0.04567307692307692 0.10096153846153846
3 0.671875 0.18870192307692307 0.05048076923076923 0.10336538461538461
3 0.6826923076923077 0.27403846153846156 0.04807692307692308 0.11538461538461539
3 0.6983173076923077 0.37740384615384615 0.04567307692307692 0.11298076923076923
3 0.7115384615384616 0.4879807692307692 0.04807692307692308 0.11538461538461539
3 0.7283653846153846 0.6069711538461539 0.05048076923076923 0.11538461538461539
3 0.7427884615384616 0.7367788461538461 0.055288461538461536 0.125
10 0.14903846153846154 0.23317307692307693 0.06971153846153846 0.1778846153846154
7 0.13581730769230768 0.32211538461538464 0.07451923076923077 0.20673076923076922
6 0.15384615384615385 0.15144230769230768 0.057692307692307696 0.13942307692307693
6 0.1201923076923077 0.453125 0.06490384615384616 0.14903846153846154
8 0.16105769230769232 0.07211538461538461 0.06009615384615385 0.12980769230769232
8 0.11778846153846154 0.5973557692307693 0.07451923076923077 0.1466346153846154
11 0.10576923076923077 0.7295673076923077 0.07211538461538461 0.15144230769230768
11 0.17067307692307693 0.026442307692307692 0.055288461538461536 0.04567307692307692
9 0.25 0.026442307692307692 0.052884615384615384 0.040865384615384616
9 0.24879807692307693 0.08413461538461539 0.052884615384615384 0.10096153846153846
9 0.24879807692307693 0.17548076923076922 0.05048076923076923 0.10576923076923077
9 0.2403846153846154 0.2668269230769231 0.06009615384615385 0.10817307692307693
9 0.24158653846153846 0.3762019230769231 0.0625 0.11298076923076923
9 0.22956730769230768 0.484375 0.0625 0.10336538461538461
9 0.23076923076923078 0.5949519230769231 0.0673076923076923 0.11538461538461539
9 0.21875 0.7259615384615384 0.06490384615384616 0.11298076923076923