11 0.3581730769230769 0.7211538461538461 0.07211538461538461 0.13701923076923078
5 0.15985576923076922 0.7307692307692307 0.07451923076923077 0.1346153846153846
1 0.2776442307692308 0.5901442307692307 0.08173076923076923 0.20432692307692307
4 0.40024038461538464 0.2920673076923077 0.06009615384615385 0.17067307692307693
3 0.3016826923076923 0.40625 0.05048076923076923 0.11057692307692307
3 0.3245192307692308 0.22355769230769232 0.04326923076923077 0.10576923076923077
3 0.375 0.5036057692307693 0.052884615384615384 0.11057692307692307
3 0.4807692307692308 0.30288461538461536 0.052884615384615384 0.10817307692307693
10 0.6370192307692307 0.2920673076923077 0.06009615384615385 0.17307692307692307
7 0.7331730769230769 0.3737980769230769 0.07451923076923077 0.19951923076923078
6 0.5576923076923077 0.5985576923076923 0.06490384615384616 0.15384615384615385
11 0.7908653846153846 0.056490384615384616 0.057692307692307696 0.11298076923076923
2 0.5612980769230769 0.39663461538461536 0.0625 0.13701923076923078
8 0.49278846153846156 0.13822115384615385 0.055288461538461536 0.14182692307692307
8 0.6454326923076923 0.49399038461538464 0.057692307692307696 0.14423076923076922
9 0.5649038461538461 0.3016826923076923 0.04807692307692308 0.10096153846153846
9 0.7151442307692307 0.05889423076923077 0.04807692307692308 0.0985576923076923
9 0.7115384615384616 0.21634615384615385 0.04807692307692308 0.10576923076923077
9 0.7355769230769231 0.6153846153846154 0.057692307692307696 0.11057692307692307