9 0.2848557692307692 0.171875 0.04326923076923077 0.09615384615384616
3 0.7079326923076923 0.3473557692307692 0.04567307692307692 0.10336538461538461
1 0.7980769230769231 0.2980769230769231 0.07692307692307693 0.21153846153846154
3 0.5300480769230769 0.26322115384615385 0.04326923076923077 0.09375
9 0.27884615384615385 0.10096153846153846 0.057692307692307696 0.10817307692307693
3 0.5949519230769231 0.17548076923076922 0.05048076923076923 0.10096153846153846
0 0.7608173076923077 0.15745192307692307 0.057692307692307696 0.13221153846153846
10 0.2860576923076923 0.21514423076923078 0.07451923076923077 0.13221153846153846
9 0.28365384615384615 0.3389423076923077 0.06009615384615385 0.12740384615384615
3 0.6778846153846154 0.09254807692307693 0.04326923076923077 0.09375
9 0.42908653846153844 0.25240384615384615 0.04807692307692308 0.11057692307692307
7 0.16947115384615385 0.4206730769230769 0.07451923076923077 0.18509615384615385
6 0.19591346153846154 0.17067307692307693 0.06971153846153846 0.15384615384615385
2 0.5336538461538461 0.3485576923076923 0.06490384615384616 0.12980769230769232
11 0.19951923076923078 0.10576923076923077 0.06971153846153846 0.15144230769230768
9 0.4543269230769231 0.5697115384615384 0.0625 0.11538461538461539
2 0.6225961538461539 0.33533653846153844 0.0625 0.14423076923076922
4 0.7355769230769231 0.4326923076923077 0.07692307692307693 0.16105769230769232
3 0.5733173076923077 0.671875 0.06009615384615385 0.10817307692307693
9 0.265625 0.6838942307692307 0.055288461538461536 0.10817307692307693
5 0.7427884615384616 0.08052884615384616 0.055288461538461536 0.10336538461538461
3 0.6237980769230769 0.5552884615384616 0.057692307692307696 0.1201923076923077
5 0.8846153846153846 0.7932692307692307 0.07692307692307693 0.14903846153846154
6 0.1466346153846154 0.6778846153846154 0.07451923076923077 0.1466346153846154
2 0.8449519230769231 0.5480769230769231 0.08413461538461539 0.12740384615384615
8 0.16826923076923078 0.5600961538461539 0.07451923076923077 0.15144230769230768
8 0.3629807692307692 0.3329326923076923 0.06490384615384616 0.1466346153846154
9 0.27403846153846156 0.4387019230769231 0.06490384615384616 0.13221153846153846
3 0.5492788461538461 0.46153846153846156 0.057692307692307696 0.11538461538461539
9 0.46274038461538464 0.8004807692307693 0.06490384615384616 0.12259615384615384
11 0.36899038461538464 0.8004807692307693 0.07211538461538461 0.14903846153846154
3 0.7788461538461539 0.7932692307692307 0.057692307692307696 0.11778846153846154