1 0.796875 0.30408653846153844 0.07692307692307693 0.20432692307692307
4 0.7271634615384616 0.43149038461538464 0.07451923076923077 0.18990384615384615
5 0.8810096153846154 0.8161057692307693 0.08413461538461539 0.14423076923076922
5 0.7536057692307693 0.078125 0.0625 0.125
0 0.3629807692307692 0.5516826923076923 0.06971153846153846 0.15144230769230768
0 0.6670673076923077 0.07932692307692307 0.057692307692307696 0.1346153846153846
2 0.6213942307692307 0.3473557692307692 0.0625 0.15144230769230768
2 0.6682692307692307 0.6838942307692307 0.07211538461538461 0.14423076923076922
3 0.6153846153846154 0.5612980769230769 0.0625 0.12259615384615384
3 0.7680288461538461 0.8161057692307693 0.0673076923076923 0.1201923076923077
3 0.703125 0.35216346153846156 0.04807692307692308 0.11298076923076923
3 0.5901442307692307 0.17427884615384615 0.04567307692307692 0.11298076923076923
3 0.515625 0.07932692307692307 0.052884615384615384 0.11057692307692307
3 0.5240384615384616 0.26322115384615385 0.05048076923076923 0.11778846153846154
3 0.3581730769230769 0.4579326923076923 0.05048076923076923 0.11057692307692307
3 0.5600961538461539 0.6862980769230769 0.055288461538461536 0.1201923076923077
11 0.1875 0.0733173076923077 0.055288461538461536 0.125
11 0.35336538461538464 0.8016826923076923 0.06971153846153846 0.15144230769230768
10 0.27163461538461536 0.21394230769230768 0.07211538461538461 0.1778846153846154
7 0.15384615384615385 0.40625 0.07932692307692307 0.20432692307692307
6 0.17668269230769232 0.13942307692307693 0.06009615384615385 0.1466346153846154
6 0.13822115384615385 0.6778846153846154 0.07451923076923077 0.14903846153846154
8 0.15745192307692307 0.5540865384615384 0.07932692307692307 0.14182692307692307
8 0.35336538461538464 0.328125 0.0625 0.13701923076923078
9 0.421875 0.24158653846153846 0.052884615384615384 0.11538461538461539
9 0.41466346153846156 0.0733173076923077 0.05048076923076923 0.11057692307692307
9 0.26802884615384615 0.15504807692307693 0.052884615384615384 0.10576923076923077
9 0.25841346153846156 0.3389423076923077 0.052884615384615384 0.11298076923076923
9 0.24759615384615385 0.6838942307692307 0.0625 0.1201923076923077
9 0.25721153846153844 0.43990384615384615 0.057692307692307696 0.1201923076923077
9 0.43990384615384615 0.5721153846153846 0.052884615384615384 0.11778846153846154
9 0.45913461538461536 0.8185096153846154 0.0625 0.125