1 0.24519230769230768 0.33774038461538464 0.0889423076923077 0.21875
2 0.4326923076923077 0.3737980769230769 0.06490384615384616 0.15625
2 0.6081730769230769 0.8425480769230769 0.07451923076923077 0.17307692307692307
5 0.453125 0.09615384615384616 0.0625 0.13942307692307693
5 0.5120192307692307 0.47475961538461536 0.06971153846153846 0.14903846153846154
3 0.2848557692307692 0.8521634615384616 0.06971153846153846 0.1346153846153846
3 0.33774038461538464 0.3798076923076923 0.06009615384615385 0.1201923076923077
3 0.4230769230769231 0.5889423076923077 0.057692307692307696 0.12740384615384615
3 0.49759615384615385 0.7211538461538461 0.06490384615384616 0.125
3 0.5144230769230769 0.2920673076923077 0.06009615384615385 0.11298076923076923
3 0.5384615384615384 0.19230769230769232 0.057692307692307696 0.11778846153846154
0 0.42427884615384615 0.1814903846153846 0.06009615384615385 0.16346153846153846
0 0.6947115384615384 0.5817307692307693 0.07692307692307693 0.16105769230769232
10 0.6923076923076923 0.1622596153846154 0.0673076923076923 0.19230769230769232
8 0.8257211538461539 0.8473557692307693 0.08173076923076923 0.17548076923076922
8 0.6947115384615384 0.35216346153846156 0.0673076923076923 0.1466346153846154
6 0.6887019230769231 0.4651442307692308 0.0625 0.15144230769230768
6 0.8665865384615384 0.1622596153846154 0.07692307692307693 0.15384615384615385
11 0.8521634615384616 0.09975961538461539 0.0625 0.13221153846153846
7 0.8954326923076923 0.4338942307692308 0.0889423076923077 0.21875
9 0.6237980769230769 0.09735576923076923 0.057692307692307696 0.11778846153846154
9 0.7704326923076923 0.18269230769230768 0.057692307692307696 0.11298076923076923
9 0.7908653846153846 0.3641826923076923 0.055288461538461536 0.11057692307692307
9 0.7944711538461539 0.46875 0.06009615384615385 0.1201923076923077
9 0.8112980769230769 0.7163461538461539 0.06490384615384616 0.125