0 0.6117788461538461 0.13942307692307693 0.057692307692307696 0.15144230769230768
1 0.7872596153846154 0.2860576923076923 0.09134615384615384 0.20432692307692307
2 0.23076923076923078 0.6430288461538461 0.07692307692307693 0.16346153846153846
2 0.3485576923076923 0.4266826923076923 0.07451923076923077 0.15625
3 0.7439903846153846 0.7920673076923077 0.0673076923076923 0.12259615384615384
3 0.6995192307692307 0.33413461538461536 0.057692307692307696 0.11778846153846154
3 0.6117788461538461 0.5348557692307693 0.055288461538461536 0.1201923076923077
3 0.5396634615384616 0.6682692307692307 0.06490384615384616 0.12740384615384615
5 0.5865384615384616 0.06370192307692307 0.057692307692307696 0.12740384615384615
5 0.5168269230769231 0.3329326923076923 0.0625 0.13221153846153846
11 0.19831730769230768 0.06971153846153846 0.0625 0.12980769230769232
3 0.4266826923076923 0.16706730769230768 0.052884615384615384 0.11538461538461539
7 0.16346153846153846 0.296875 0.09134615384615384 0.2091346153846154
8 0.21995192307692307 0.796875 0.09134615384615384 0.16105769230769232
6 0.18629807692307693 0.12860576923076922 0.07211538461538461 0.1658653846153846
10 0.3545673076923077 0.1310096153846154 0.07211538461538461 0.19230769230769232
9 0.27524038461538464 0.15144230769230768 0.055288461538461536 0.11298076923076923
9 0.25600961538461536 0.33052884615384615 0.057692307692307696 0.1201923076923077
9 0.2548076923076923 0.43149038461538464 0.0625 0.11778846153846154
9 0.34975961538461536 0.5600961538461539 0.0625 0.1201923076923077