0 0.4014423076923077 0.1622596153846154 0.055288461538461536 0.14903846153846154
1 0.23076923076923078 0.30288461538461536 0.08653846153846154 0.19951923076923078
2 0.7692307692307693 0.65625 0.07451923076923077 0.16105769230769232
2 0.65625 0.44591346153846156 0.06971153846153846 0.15144230769230768
3 0.2692307692307692 0.7980769230769231 0.06490384615384616 0.1201923076923077
3 0.3161057692307692 0.34975961538461536 0.057692307692307696 0.11538461538461539
3 0.39903846153846156 0.5480769230769231 0.055288461538461536 0.11778846153846154
3 0.4699519230769231 0.6790865384615384 0.0625 0.125
5 0.4254807692307692 0.08413461538461539 0.055288461538461536 0.12980769230769232
5 0.49399038461538464 0.35216346153846156 0.06009615384615385 0.12980769230769232
11 0.8052884615384616 0.09975961538461539 0.06009615384615385 0.125
3 0.5817307692307693 0.18990384615384615 0.052884615384615384 0.11298076923076923
7 0.8377403846153846 0.32091346153846156 0.0889423076923077 0.20432692307692307
8 0.7800480769230769 0.8076923076923077 0.0889423076923077 0.15865384615384615
6 0.8161057692307693 0.15745192307692307 0.06971153846153846 0.16105769230769232
10 0.6526442307692307 0.15625 0.0673076923076923 0.1875
9 0.7283653846153846 0.1778846153846154 0.055288461538461536 0.11057692307692307
9 0.7475961538461539 0.35336538461538464 0.057692307692307696 0.11538461538461539
9 0.7475961538461539 0.45072115384615385 0.0625 0.11538461538461539
9 0.6550480769230769 0.5757211538461539 0.0625 0.11778846153846154