4 0.47596153846153844 0.4387019230769231 0.0673076923076923 0.18990384615384615
2 0.40024038461538464 0.34975961538461536 0.057692307692307696 0.14903846153846154
2 0.3581730769230769 0.6742788461538461 0.07211538461538461 0.15865384615384615
1 0.22355769230769232 0.31009615384615385 0.08173076923076923 0.20192307692307693
5 0.25600961538461536 0.09254807692307693 0.06009615384615385 0.12980769230769232
5 0.14903846153846154 0.7980769230769231 0.08173076923076923 0.14423076923076922
3 0.2536057692307692 0.8016826923076923 0.0673076923076923 0.125
3 0.3112980769230769 0.3557692307692308 0.055288461538461536 0.11778846153846154
3 0.4182692307692308 0.18870192307692307 0.04807692307692308 0.10817307692307693
3 0.38822115384615385 0.5576923076923077 0.057692307692307696 0.11057692307692307
3 0.4579326923076923 0.6850961538461539 0.06009615384615385 0.11778846153846154
3 0.4831730769230769 0.2824519230769231 0.05048076923076923 0.1201923076923077
0 0.33774038461538464 0.09014423076923077 0.055288461538461536 0.14423076923076922
0 0.6442307692307693 0.5637019230769231 0.0625 0.15144230769230768
11 0.8004807692307693 0.10817307692307693 0.06009615384615385 0.13221153846153846
7 0.8389423076923077 0.43028846153846156 0.07451923076923077 0.20192307692307693
8 0.6490384615384616 0.35336538461538464 0.0625 0.14182692307692307
8 0.8413461538461539 0.5769230769230769 0.07451923076923077 0.14423076923076922
6 0.8112980769230769 0.17548076923076922 0.06009615384615385 0.14423076923076922
6 0.8617788461538461 0.6935096153846154 0.06971153846153846 0.14423076923076922
10 0.7259615384615384 0.2439903846153846 0.07692307692307693 0.1658653846153846
9 0.7247596153846154 0.1875 0.05048076923076923 0.10336538461538461
9 0.5829326923076923 0.10216346153846154 0.052884615384615384 0.10576923076923077
9 0.578125 0.26802884615384615 0.04807692307692308 0.11057692307692307
9 0.7403846153846154 0.3641826923076923 0.05048076923076923 0.11057692307692307
9 0.7427884615384616 0.46634615384615385 0.057692307692307696 0.11298076923076923
9 0.7536057692307693 0.6983173076923077 0.06009615384615385 0.1201923076923077