1 0.20072115384615385 0.30288461538461536 0.09134615384615384 0.21394230769230768
5 0.24278846153846154 0.0829326923076923 0.06490384615384616 0.12980769230769232
5 0.15504807692307693 0.5432692307692307 0.07932692307692307 0.13701923076923078
0 0.3233173076923077 0.6730769230769231 0.07211538461538461 0.16105769230769232
0 0.3762019230769231 0.3389423076923077 0.06490384615384616 0.1466346153846154
4 0.45072115384615385 0.43149038461538464 0.07211538461538461 0.1875
3 0.4639423076923077 0.2668269230769231 0.05048076923076923 0.11298076923076923
3 0.21153846153846154 0.8028846153846154 0.0625 0.125
3 0.2860576923076923 0.3473557692307692 0.055288461538461536 0.11538461538461539
3 0.3581730769230769 0.5528846153846154 0.0625 0.11778846153846154
3 0.4230769230769231 0.6814903846153846 0.06490384615384616 0.1201923076923077
3 0.49038461538461536 0.17307692307692307 0.057692307692307696 0.10576923076923077
0 0.3786057692307692 0.15625 0.06971153846153846 0.15384615384615385
0 0.6141826923076923 0.5480769230769231 0.07451923076923077 0.1466346153846154
10 0.640625 0.14543269230769232 0.07211538461538461 0.18509615384615385
11 0.7944711538461539 0.08052884615384616 0.0625 0.125
8 0.7307692307692307 0.8076923076923077 0.08653846153846154 0.15384615384615385
8 0.6286057692307693 0.328125 0.06490384615384616 0.13942307692307693
6 0.6201923076923077 0.4326923076923077 0.06009615384615385 0.13701923076923078
6 0.8016826923076923 0.14783653846153846 0.06490384615384616 0.14423076923076922
7 0.8173076923076923 0.41346153846153844 0.09375 0.21394230769230768
9 0.5709134615384616 0.08413461538461539 0.04807692307692308 0.11538461538461539
9 0.5625 0.24759615384615385 0.052884615384615384 0.11538461538461539
9 0.7127403846153846 0.1658653846153846 0.055288461538461536 0.11298076923076923
9 0.7211538461538461 0.3401442307692308 0.055288461538461536 0.11778846153846154
9 0.71875 0.44350961538461536 0.057692307692307696 0.11778846153846154
9 0.7223557692307693 0.6790865384615384 0.0625 0.12259615384615384