10 0.7668269230769231 0.21514423076923078 0.08173076923076923 0.17548076923076922
1 0.24519230769230768 0.28725961538461536 0.08653846153846154 0.20192307692307693
0 0.36538461538461536 0.06850961538461539 0.06009615384615385 0.125
5 0.27884615384615385 0.06490384615384616 0.06009615384615385 0.1201923076923077
3 0.33774038461538464 0.33774038461538464 0.055288461538461536 0.10576923076923077
5 0.1778846153846154 0.7980769230769231 0.08653846153846154 0.14423076923076922
3 0.28966346153846156 0.8028846153846154 0.0673076923076923 0.11538461538461539
2 0.38461538461538464 0.6730769230769231 0.07451923076923077 0.14182692307692307
2 0.4182692307692308 0.33774038461538464 0.06009615384615385 0.14182692307692307
4 0.5144230769230769 0.41947115384615385 0.07211538461538461 0.18509615384615385
3 0.4987980769230769 0.6826923076923077 0.0625 0.11778846153846154
3 0.4338942307692308 0.5516826923076923 0.055288461538461536 0.11778846153846154
3 0.44591346153846156 0.15985576923076922 0.04807692307692308 0.10576923076923077
3 0.5168269230769231 0.07211538461538461 0.040865384615384616 0.10817307692307693
3 0.515625 0.2536057692307692 0.05048076923076923 0.10817307692307693
3 0.6850961538461539 0.4567307692307692 0.052884615384615384 0.11298076923076923
0 0.6862980769230769 0.5480769230769231 0.0625 0.1466346153846154
7 0.890625 0.41346153846153844 0.07932692307692307 0.20673076923076922
11 0.84375 0.07692307692307693 0.06009615384615385 0.125
8 0.6887019230769231 0.328125 0.0673076923076923 0.13701923076923078
8 0.8966346153846154 0.5600961538461539 0.07692307692307693 0.14182692307692307
6 0.8569711538461539 0.14302884615384615 0.06009615384615385 0.14903846153846154
6 0.9194711538461539 0.6838942307692307 0.07451923076923077 0.1466346153846154
9 0.765625 0.15504807692307693 0.04807692307692308 0.0985576923076923
9 0.7860576923076923 0.33653846153846156 0.057692307692307696 0.10576923076923077
9 0.8100961538461539 0.6862980769230769 0.0625 0.12259615384615384
9 0.7884615384615384 0.44350961538461536 0.057692307692307696 0.11057692307692307
9 0.6141826923076923 0.07091346153846154 0.04807692307692308 0.10576923076923077
9 0.6153846153846154 0.23798076923076922 0.05048076923076923 0.11057692307692307
9 0.6105769230769231 0.5685096153846154 0.052884615384615384 0.11298076923076923