10 0.7524038461538461 0.18028846153846154 0.07692307692307693 0.17307692307692307
1 0.2283653846153846 0.2620192307692308 0.08173076923076923 0.20192307692307693
0 0.35216346153846156 0.051682692307692304 0.057692307692307696 0.10336538461538461
5 0.26802884615384615 0.04927884615384615 0.057692307692307696 0.0985576923076923
3 0.31971153846153844 0.31009615384615385 0.052884615384615384 0.10576923076923077
5 0.1502403846153846 0.7740384615384616 0.08413461538461539 0.14182692307692307
3 0.2620192307692308 0.7764423076923077 0.06490384615384616 0.11538461538461539
2 0.359375 0.6454326923076923 0.07211538461538461 0.13942307692307693
2 0.39903846153846156 0.3076923076923077 0.057692307692307696 0.14182692307692307
4 0.49399038461538464 0.3894230769230769 0.0673076923076923 0.18269230769230768
3 0.4723557692307692 0.6514423076923077 0.06009615384615385 0.11778846153846154
3 0.41225961538461536 0.5228365384615384 0.052884615384615384 0.11778846153846154
3 0.4326923076923077 0.1310096153846154 0.04567307692307692 0.10576923076923077
3 0.5036057692307693 0.04807692307692308 0.040865384615384616 0.09615384615384616
3 0.4987980769230769 0.22355769230769232 0.04807692307692308 0.10817307692307693
3 0.6634615384615384 0.4230769230769231 0.05048076923076923 0.11298076923076923
0 0.6622596153846154 0.5144230769230769 0.06009615384615385 0.1466346153846154
7 0.8713942307692307 0.375 0.07451923076923077 0.20432692307692307
11 0.8317307692307693 0.051682692307692304 0.055288461538461536 0.10336538461538461
8 0.6694711538461539 0.29447115384615385 0.0625 0.13701923076923078
8 0.8737980769230769 0.5228365384615384 0.07451923076923077 0.13942307692307693
6 0.8449519230769231 0.10576923076923077 0.057692307692307696 0.14903846153846154
6 0.8930288461538461 0.6454326923076923 0.07211538461538461 0.1466346153846154
9 0.7524038461538461 0.1201923076923077 0.04567307692307692 0.0985576923076923
9 0.7668269230769231 0.3004807692307692 0.055288461538461536 0.10576923076923077
9 0.7836538461538461 0.6514423076923077 0.06009615384615385 0.12259615384615384
9 0.7680288461538461 0.40865384615384615 0.055288461538461536 0.11057692307692307
9 0.6021634615384616 0.046875 0.05048076923076923 0.09375
9 0.5997596153846154 0.20552884615384615 0.04807692307692308 0.11057692307692307
9 0.5877403846153846 0.5348557692307693 0.05048076923076923 0.11298076923076923