10 0.24759615384615385 0.18028846153846154 0.07692307692307693 0.17307692307692307
1 0.7716346153846154 0.2620192307692308 0.08173076923076923 0.20192307692307693
0 0.6478365384615384 0.051682692307692304 0.057692307692307696 0.10336538461538461
5 0.7319711538461539 0.04927884615384615 0.057692307692307696 0.0985576923076923
3 0.6802884615384616 0.31009615384615385 0.052884615384615384 0.10576923076923077
5 0.8497596153846154 0.7740384615384616 0.08413461538461539 0.14182692307692307
3 0.7379807692307693 0.7764423076923077 0.06490384615384616 0.11538461538461539
2 0.640625 0.6454326923076923 0.07211538461538461 0.13942307692307693
2 0.6009615384615384 0.3076923076923077 0.057692307692307696 0.14182692307692307
4 0.5060096153846154 0.3894230769230769 0.0673076923076923 0.18269230769230768
3 0.5276442307692307 0.6514423076923077 0.06009615384615385 0.11778846153846154
3 0.5877403846153846 0.5228365384615384 0.052884615384615384 0.11778846153846154
3 0.5673076923076923 0.1310096153846154 0.04567307692307692 0.10576923076923077
3 0.4963942307692308 0.04807692307692308 0.040865384615384616 0.09615384615384616
3 0.5012019230769231 0.22355769230769232 0.04807692307692308 0.10817307692307693
3 0.33653846153846156 0.4230769230769231 0.05048076923076923 0.11298076923076923
0 0.33774038461538464 0.5144230769230769 0.06009615384615385 0.1466346153846154
7 0.12860576923076922 0.375 0.07451923076923077 0.20432692307692307
11 0.16826923076923078 0.051682692307692304 0.055288461538461536 0.10336538461538461
8 0.33052884615384615 0.29447115384615385 0.0625 0.13701923076923078
8 0.12620192307692307 0.5228365384615384 0.07451923076923077 0.13942307692307693
6 0.15504807692307693 0.10576923076923077 0.057692307692307696 0.14903846153846154
6 0.10697115384615384 0.6454326923076923 0.07211538461538461 0.1466346153846154
9 0.24759615384615385 0.1201923076923077 0.04567307692307692 0.0985576923076923
9 0.23317307692307693 0.3004807692307692 0.055288461538461536 0.10576923076923077
9 0.21634615384615385 0.6514423076923077 0.06009615384615385 0.12259615384615384
9 0.23197115384615385 0.40865384615384615 0.055288461538461536 0.11057692307692307
9 0.39783653846153844 0.046875 0.05048076923076923 0.09375
9 0.40024038461538464 0.20552884615384615 0.04807692307692308 0.11057692307692307
9 0.41225961538461536 0.5348557692307693 0.05048076923076923 0.11298076923076923