1 0.27283653846153844 0.5973557692307693 0.0889423076923077 0.2091346153846154
5 0.15745192307692307 0.7463942307692307 0.08173076923076923 0.15144230769230768
2 0.5516826923076923 0.375 0.07932692307692307 0.13942307692307693
4 0.390625 0.2860576923076923 0.06971153846153846 0.1875
3 0.3088942307692308 0.21875 0.055288461538461536 0.1201923076923077
3 0.46875 0.29086538461538464 0.052884615384615384 0.11057692307692307
3 0.36899038461538464 0.5048076923076923 0.052884615384615384 0.11538461538461539
11 0.35216346153846156 0.7163461538461539 0.07451923076923077 0.1466346153846154
8 0.47475961538461536 0.11899038461538461 0.06490384615384616 0.1466346153846154
7 0.7199519230769231 0.34375 0.07692307692307693 0.20673076923076922
11 0.7728365384615384 0.038461538461538464 0.06009615384615385 0.07692307692307693
10 0.6274038461538461 0.26802884615384615 0.057692307692307696 0.18028846153846154
9 0.5516826923076923 0.28365384615384615 0.057692307692307696 0.12259615384615384
9 0.6971153846153846 0.042067307692307696 0.052884615384615384 0.08413461538461539
9 0.7007211538461539 0.18629807692307693 0.055288461538461536 0.11538461538461539
9 0.734375 0.5865384615384616 0.06009615384615385 0.11538461538461539