5 0.11899038461538461 0.8028846153846154 0.07932692307692307 0.1466346153846154
1 0.31490384615384615 0.7596153846153846 0.08653846153846154 0.21634615384615385
4 0.38461538461538464 0.328125 0.07451923076923077 0.18269230769230768
3 0.29927884615384615 0.2512019230769231 0.052884615384615384 0.11057692307692307
3 0.35216346153846156 0.5540865384615384 0.06009615384615385 0.11538461538461539
3 0.46634615384615385 0.33413461538461536 0.052884615384615384 0.11538461538461539
7 0.6346153846153846 0.4074519230769231 0.07932692307692307 0.20673076923076922
11 0.8185096153846154 0.24158653846153846 0.06971153846153846 0.12740384615384615
9 0.7223557692307693 0.07572115384615384 0.06009615384615385 0.10817307692307693
9 0.6322115384615384 0.17307692307692307 0.055288461538461536 0.11298076923076923
9 0.5540865384615384 0.33774038461538464 0.055288461538461536 0.11298076923076923
9 0.734375 0.6790865384615384 0.0625 0.12740384615384615