5 0.8677884615384616 0.7824519230769231 0.07932692307692307 0.1466346153846154
1 0.6742788461538461 0.7355769230769231 0.08413461538461539 0.21634615384615385
4 0.6081730769230769 0.3088942307692308 0.07211538461538461 0.18269230769230768
3 0.6923076923076923 0.234375 0.05048076923076923 0.11057692307692307
3 0.6382211538461539 0.53125 0.06009615384615385 0.11538461538461539
3 0.5264423076923077 0.3137019230769231 0.052884615384615384 0.11538461538461539
7 0.359375 0.38100961538461536 0.07932692307692307 0.20432692307692307
11 0.17908653846153846 0.21514423076923078 0.0673076923076923 0.12740384615384615
9 0.27524038461538464 0.052884615384615384 0.06009615384615385 0.10576923076923077
9 0.3641826923076923 0.1502403846153846 0.055288461538461536 0.11298076923076923
9 0.43990384615384615 0.31490384615384615 0.055288461538461536 0.11298076923076923
9 0.25961538461538464 0.6490384615384616 0.0625 0.12740384615384615