5 0.13221153846153846 0.7824519230769231 0.07932692307692307 0.1466346153846154
1 0.32572115384615385 0.7355769230769231 0.08413461538461539 0.21634615384615385
4 0.3918269230769231 0.3088942307692308 0.07211538461538461 0.18269230769230768
3 0.3076923076923077 0.234375 0.05048076923076923 0.11057692307692307
3 0.36177884615384615 0.53125 0.06009615384615385 0.11538461538461539
3 0.4735576923076923 0.3137019230769231 0.052884615384615384 0.11538461538461539
7 0.640625 0.38100961538461536 0.07932692307692307 0.20432692307692307
11 0.8209134615384616 0.21514423076923078 0.0673076923076923 0.12740384615384615
9 0.7247596153846154 0.052884615384615384 0.06009615384615385 0.10576923076923077
9 0.6358173076923077 0.1502403846153846 0.055288461538461536 0.11298076923076923
9 0.5600961538461539 0.31490384615384615 0.055288461538461536 0.11298076923076923
9 0.7403846153846154 0.6490384615384616 0.0625 0.12740384615384615