1 0.7980769230769231 0.28846153846153844 0.08413461538461539 0.20192307692307693
4 0.5420673076923077 0.41346153846153844 0.06971153846153846 0.18028846153846154
0 0.671875 0.06850961538461539 0.057692307692307696 0.12259615384615384
5 0.7572115384615384 0.06610576923076923 0.057692307692307696 0.11538461538461539
5 0.8870192307692307 0.7896634615384616 0.08413461538461539 0.14182692307692307
3 0.7776442307692307 0.7872596153846154 0.0673076923076923 0.11778846153846154
2 0.6682692307692307 0.6526442307692307 0.07451923076923077 0.15625
2 0.6274038461538461 0.32572115384615385 0.0625 0.14423076923076922
3 0.7103365384615384 0.3317307692307692 0.052884615384615384 0.10576923076923077
3 0.5973557692307693 0.15625 0.04807692307692308 0.10576923076923077
3 0.53125 0.2439903846153846 0.04807692307692308 0.10817307692307693
3 0.6346153846153846 0.5348557692307693 0.052884615384615384 0.11298076923076923
3 0.5685096153846154 0.6646634615384616 0.055288461538461536 0.11538461538461539
3 0.3713942307692308 0.4375 0.05048076923076923 0.10336538461538461
0 0.3762019230769231 0.5348557692307693 0.0625 0.1466346153846154
9 0.2800480769230769 0.14423076923076922 0.04807692307692308 0.10817307692307693
10 0.2860576923076923 0.19951923076923078 0.06490384615384616 0.17307692307692307
7 0.17067307692307693 0.38822115384615385 0.07692307692307693 0.1971153846153846
8 0.171875 0.5336538461538461 0.07932692307692307 0.14182692307692307
6 0.18870192307692307 0.12620192307692307 0.07211538461538461 0.13942307692307693
6 0.15384615384615385 0.6550480769230769 0.06971153846153846 0.14423076923076922
8 0.36658653846153844 0.31009615384615385 0.06490384615384616 0.13701923076923078
11 0.19951923076923078 0.06370192307692307 0.0673076923076923 0.12259615384615384
9 0.42427884615384615 0.06009615384615385 0.05048076923076923 0.11057692307692307
9 0.43149038461538464 0.22956730769230768 0.05048076923076923 0.11298076923076923
9 0.2692307692307692 0.32091346153846156 0.052884615384615384 0.10817307692307693
9 0.2692307692307692 0.4254807692307692 0.06009615384615385 0.10817307692307693
9 0.2608173076923077 0.6598557692307693 0.06490384615384616 0.11778846153846154
9 0.4495192307692308 0.5504807692307693 0.05048076923076923 0.11298076923076923