1 0.765625 0.3004807692307692 0.08173076923076923 0.19471153846153846
4 0.5120192307692307 0.42427884615384615 0.0673076923076923 0.17548076923076922
0 0.6490384615384616 0.078125 0.057692307692307696 0.13942307692307693
5 0.7319711538461539 0.08173076923076923 0.055288461538461536 0.11778846153846154
5 0.8341346153846154 0.7860576923076923 0.08173076923076923 0.13701923076923078
3 0.7283653846153846 0.7860576923076923 0.06490384615384616 0.11298076923076923
2 0.6262019230769231 0.6550480769230769 0.07451923076923077 0.15144230769230768
2 0.5973557692307693 0.33774038461538464 0.06009615384615385 0.13942307692307693
3 0.6778846153846154 0.3425480769230769 0.05048076923076923 0.10096153846153846
3 0.5733173076923077 0.17307692307692307 0.04807692307692308 0.10336538461538461
3 0.5072115384615384 0.25961538461538464 0.04807692307692308 0.10336538461538461
3 0.5973557692307693 0.5408653846153846 0.05048076923076923 0.10817307692307693
3 0.5288461538461539 0.6670673076923077 0.055288461538461536 0.11057692307692307
3 0.34615384615384615 0.44711538461538464 0.05048076923076923 0.0985576923076923
0 0.34615384615384615 0.5408653846153846 0.0625 0.14182692307692307
9 0.2668269230769231 0.16346153846153846 0.04807692307692308 0.10576923076923077
10 0.2704326923076923 0.21634615384615385 0.0625 0.1658653846153846
7 0.15144230769230768 0.40024038461538464 0.07451923076923077 0.19230769230769232
8 0.14903846153846154 0.5420673076923077 0.07692307692307693 0.13701923076923078
6 0.17908653846153846 0.1466346153846154 0.06971153846153846 0.1346153846153846
6 0.12740384615384615 0.6598557692307693 0.0673076923076923 0.13942307692307693
8 0.3449519230769231 0.3245192307692308 0.0625 0.13221153846153846
11 0.19230769230769232 0.08052884615384616 0.06490384615384616 0.12980769230769232
9 0.40865384615384615 0.08052884615384616 0.04807692307692308 0.10817307692307693
9 0.4110576923076923 0.24519230769230768 0.05048076923076923 0.10817307692307693
9 0.25 0.33413461538461536 0.05048076923076923 0.10336538461538461
9 0.24759615384615385 0.43509615384615385 0.057692307692307696 0.10576923076923077
9 0.22956730769230768 0.6646634615384616 0.0625 0.11538461538461539
9 0.4170673076923077 0.5576923076923077 0.05048076923076923 0.10817307692307693