8 0.21514423076923078 0.640625 0.07451923076923077 0.1658653846153846
1 0.7632211538461539 0.296875 0.09134615384615384 0.2091346153846154
5 0.5673076923076923 0.06850961538461539 0.0625 0.1346153846153846
0 0.4963942307692308 0.22115384615384615 0.06490384615384616 0.15144230769230768
3 0.40865384615384615 0.16826923076923078 0.055288461538461536 0.10817307692307693
3 0.6754807692307693 0.3401442307692308 0.05048076923076923 0.11538461538461539
3 0.5889423076923077 0.5372596153846154 0.057692307692307696 0.125
3 0.5204326923076923 0.6682692307692307 0.06009615384615385 0.1201923076923077
8 0.42788461538461536 0.6466346153846154 0.07692307692307693 0.16105769230769232
6 0.4230769230769231 0.4230769230769231 0.06490384615384616 0.16105769230769232
7 0.14302884615384615 0.2920673076923077 0.08413461538461539 0.21394230769230768
11 0.4254807692307692 0.06490384615384616 0.06009615384615385 0.12980769230769232
10 0.33413461538461536 0.13581730769230768 0.06490384615384616 0.18269230769230768
9 0.25841346153846156 0.15384615384615385 0.055288461538461536 0.11298076923076923
9 0.23918269230769232 0.3329326923076923 0.06490384615384616 0.11298076923076923
9 0.33052884615384615 0.3233173076923077 0.06009615384615385 0.11778846153846154
9 0.3317307692307692 0.5552884615384616 0.0625 0.12980769230769232