5 0.875 0.7764423076923077 0.07932692307692307 0.1466346153846154
1 0.8389423076923077 0.5204326923076923 0.09615384615384616 0.2091346153846154
4 0.6189903846153846 0.30528846153846156 0.06490384615384616 0.1875
2 0.45072115384615385 0.4074519230769231 0.06971153846153846 0.1466346153846154
3 0.7247596153846154 0.42788461538461536 0.052884615384615384 0.11538461538461539
3 0.7019230769230769 0.23798076923076922 0.05048076923076923 0.11298076923076923
3 0.6430288461538461 0.5300480769230769 0.055288461538461536 0.125
3 0.5336538461538461 0.3173076923076923 0.04326923076923077 0.11778846153846154
3 0.37259615384615385 0.06370192307692307 0.04807692307692308 0.10817307692307693
10 0.3713942307692308 0.296875 0.0625 0.18509615384615385
7 0.27163461538461536 0.3762019230769231 0.07932692307692307 0.21153846153846154
8 0.3641826923076923 0.5072115384615384 0.06009615384615385 0.15865384615384615
6 0.453125 0.6274038461538461 0.0673076923076923 0.16105769230769232
8 0.5240384615384616 0.1346153846153846 0.057692307692307696 0.15384615384615385
11 0.6658653846153846 0.7584134615384616 0.07932692307692307 0.15865384615384615
11 0.20793269230769232 0.054086538461538464 0.06009615384615385 0.09615384615384616
9 0.44711538461538464 0.3125 0.052884615384615384 0.11057692307692307
9 0.28725961538461536 0.054086538461538464 0.052884615384615384 0.09375
9 0.29086538461538464 0.21514423076923078 0.052884615384615384 0.11057692307692307
9 0.265625 0.6322115384615384 0.06490384615384616 0.125