5 0.140625 0.7608173076923077 0.07932692307692307 0.14423076923076922
1 0.17908653846153846 0.5084134615384616 0.09615384615384616 0.20432692307692307
4 0.39903846153846156 0.29927884615384615 0.0673076923076923 0.18509615384615385
2 0.5649038461538461 0.4050480769230769 0.06971153846153846 0.14423076923076922
3 0.2920673076923077 0.4170673076923077 0.052884615384615384 0.11298076923076923
3 0.31850961538461536 0.23076923076923078 0.05048076923076923 0.11057692307692307
3 0.37259615384615385 0.5216346153846154 0.057692307692307696 0.12259615384615384
3 0.4831730769230769 0.3125 0.04567307692307692 0.11538461538461539
3 0.6454326923076923 0.06009615384615385 0.04807692307692308 0.11538461538461539
10 0.6442307692307693 0.2980769230769231 0.0625 0.18269230769230768
7 0.7403846153846154 0.37740384615384615 0.08173076923076923 0.2091346153846154
8 0.6478365384615384 0.5060096153846154 0.06009615384615385 0.15625
6 0.5588942307692307 0.6225961538461539 0.0673076923076923 0.15865384615384615
8 0.4951923076923077 0.13221153846153846 0.06009615384615385 0.14903846153846154
11 0.3473557692307692 0.7463942307692307 0.07932692307692307 0.15384615384615385
11 0.8076923076923077 0.055288461538461536 0.0625 0.10817307692307693
9 0.5697115384615384 0.3112980769230769 0.052884615384615384 0.10817307692307693
9 0.7283653846153846 0.052884615384615384 0.052884615384615384 0.10096153846153846
9 0.7247596153846154 0.21754807692307693 0.055288461538461536 0.10817307692307693
9 0.7439903846153846 0.6310096153846154 0.06490384615384616 0.12259615384615384