1 0.2283653846153846 0.3004807692307692 0.07451923076923077 0.19471153846153846
4 0.2932692307692308 0.4098557692307692 0.07211538461538461 0.17067307692307693
2 0.3918269230769231 0.34134615384615385 0.055288461538461536 0.13701923076923078
2 0.18629807692307693 0.546875 0.07932692307692307 0.12980769230769232
5 0.1502403846153846 0.7836538461538461 0.07692307692307693 0.12980769230769232
5 0.2704326923076923 0.08653846153846154 0.055288461538461536 0.1201923076923077
0 0.35096153846153844 0.08173076923076923 0.055288461538461536 0.13221153846153846
0 0.4807692307692308 0.3317307692307692 0.05048076923076923 0.1346153846153846
3 0.25841346153846156 0.7848557692307693 0.057692307692307696 0.11057692307692307
3 0.3173076923076923 0.3425480769230769 0.04567307692307692 0.10576923076923077
3 0.421875 0.17908653846153846 0.04326923076923077 0.10096153846153846
3 0.49278846153846156 0.09134615384615384 0.04326923076923077 0.0985576923076923
3 0.48677884615384615 0.2644230769230769 0.04326923076923077 0.10576923076923077
3 0.4014423076923077 0.546875 0.05048076923076923 0.10576923076923077
3 0.4567307692307692 0.6682692307692307 0.04807692307692308 0.11298076923076923
3 0.6442307692307693 0.453125 0.055288461538461536 0.10096153846153846
8 0.6478365384615384 0.328125 0.055288461538461536 0.13221153846153846
7 0.8377403846153846 0.40625 0.07211538461538461 0.19471153846153846
11 0.8377403846153846 0.546875 0.0673076923076923 0.13221153846153846
11 0.6538461538461539 0.7788461538461539 0.0673076923076923 0.13701923076923078
11 0.8028846153846154 0.0889423076923077 0.05048076923076923 0.11538461538461539
6 0.8149038461538461 0.15144230769230768 0.055288461538461536 0.14423076923076922
6 0.8581730769230769 0.6670673076923077 0.06971153846153846 0.1466346153846154
10 0.7259615384615384 0.21995192307692307 0.06971153846153846 0.1658653846153846
9 0.7247596153846154 0.16466346153846154 0.040865384615384616 0.09615384615384616
9 0.5865384615384616 0.08533653846153846 0.04326923076923077 0.10096153846153846
9 0.5817307692307693 0.24639423076923078 0.04326923076923077 0.10336538461538461
9 0.7403846153846154 0.3389423076923077 0.04807692307692308 0.10336538461538461
9 0.7536057692307693 0.6658653846153846 0.057692307692307696 0.11057692307692307
9 0.7403846153846154 0.4362980769230769 0.055288461538461536 0.10817307692307693
9 0.5721153846153846 0.5600961538461539 0.055288461538461536 0.11057692307692307
9 0.5528846153846154 0.7884615384615384 0.055288461538461536 0.11298076923076923