10 0.6514423076923077 0.14783653846153846 0.07451923076923077 0.18269230769230768
6 0.8137019230769231 0.14903846153846154 0.06490384615384616 0.13942307692307693
11 0.8016826923076923 0.0889423076923077 0.06490384615384616 0.12740384615384615
7 0.8329326923076923 0.30528846153846156 0.07932692307692307 0.20673076923076922
8 0.7584134615384616 0.7944711538461539 0.08653846153846154 0.16826923076923078
9 0.7235576923076923 0.16466346153846154 0.06009615384615385 0.1201923076923077
9 0.7367788461538461 0.33774038461538464 0.057692307692307696 0.11298076923076923
9 0.7367788461538461 0.43990384615384615 0.06009615384615385 0.1201923076923077
9 0.6370192307692307 0.5649038461538461 0.0625 0.11538461538461539
1 0.22596153846153846 0.2980769230769231 0.08653846153846154 0.20192307692307693
0 0.39783653846153844 0.16105769230769232 0.06009615384615385 0.14182692307692307
2 0.7524038461538461 0.640625 0.07692307692307693 0.16346153846153846
2 0.6466346153846154 0.4375 0.0673076923076923 0.1658653846153846
5 0.4266826923076923 0.078125 0.057692307692307696 0.12980769230769232
5 0.4831730769230769 0.34375 0.06490384615384616 0.13701923076923078
3 0.5805288461538461 0.18509615384615385 0.05048076923076923 0.11538461538461539
3 0.31009615384615385 0.34134615384615385 0.05048076923076923 0.11538461538461539
3 0.4483173076923077 0.6670673076923077 0.06009615384615385 0.12740384615384615
3 0.3894230769230769 0.5408653846153846 0.057692307692307696 0.12740384615384615