8 0.1971153846153846 0.8353365384615384 0.09615384615384616 0.17067307692307693
6 0.4074519230769231 0.4519230769230769 0.07211538461538461 0.16826923076923078
10 0.30649038461538464 0.15264423076923078 0.0673076923076923 0.1971153846153846
7 0.1141826923076923 0.3161057692307692 0.0889423076923077 0.23798076923076922
11 0.14302884615384615 0.09014423076923077 0.0673076923076923 0.14182692307692307
9 0.22956730769230768 0.1778846153846154 0.057692307692307696 0.11778846153846154
9 0.21033653846153846 0.3545673076923077 0.0625 0.11538461538461539
9 0.21634615384615385 0.45913461538461536 0.0673076923076923 0.1201923076923077
9 0.31971153846153844 0.5877403846153846 0.06971153846153846 0.12980769230769232
1 0.7572115384615384 0.3112980769230769 0.09615384615384616 0.2283653846153846
5 0.5456730769230769 0.08774038461538461 0.057692307692307696 0.1346153846153846
5 0.3125 0.3605769230769231 0.0673076923076923 0.1466346153846154
2 0.31009615384615385 0.46033653846153844 0.07451923076923077 0.15865384615384615
2 0.20432692307692307 0.6778846153846154 0.07211538461538461 0.17307692307692307
0 0.4795673076923077 0.24639423076923078 0.06490384615384616 0.1658653846153846
3 0.38100961538461536 0.18629807692307693 0.057692307692307696 0.11538461538461539
3 0.6682692307692307 0.359375 0.057692307692307696 0.11298076923076923
3 0.5901442307692307 0.5685096153846154 0.0625 0.12980769230769232
3 0.5240384615384616 0.7055288461538461 0.06490384615384616 0.125