8 0.8028846153846154 0.8353365384615384 0.09615384615384616 0.17067307692307693
6 0.5925480769230769 0.4519230769230769 0.07211538461538461 0.16826923076923078
10 0.6935096153846154 0.15264423076923078 0.0673076923076923 0.1971153846153846
7 0.8858173076923077 0.3161057692307692 0.0889423076923077 0.23798076923076922
11 0.8569711538461539 0.09014423076923077 0.0673076923076923 0.14182692307692307
9 0.7704326923076923 0.1778846153846154 0.057692307692307696 0.11778846153846154
9 0.7896634615384616 0.3545673076923077 0.0625 0.11538461538461539
9 0.7836538461538461 0.45913461538461536 0.0673076923076923 0.1201923076923077
9 0.6802884615384616 0.5877403846153846 0.06971153846153846 0.12980769230769232
1 0.24278846153846154 0.3112980769230769 0.09615384615384616 0.2283653846153846
5 0.4543269230769231 0.08774038461538461 0.057692307692307696 0.1346153846153846
5 0.6875 0.3605769230769231 0.0673076923076923 0.1466346153846154
2 0.6899038461538461 0.46033653846153844 0.07451923076923077 0.15865384615384615
2 0.7956730769230769 0.6778846153846154 0.07211538461538461 0.17307692307692307
0 0.5204326923076923 0.24639423076923078 0.06490384615384616 0.1658653846153846
3 0.6189903846153846 0.18629807692307693 0.057692307692307696 0.11538461538461539
3 0.3317307692307692 0.359375 0.057692307692307696 0.11298076923076923
3 0.4098557692307692 0.5685096153846154 0.0625 0.12980769230769232
3 0.47596153846153844 0.7055288461538461 0.06490384615384616 0.125