4 0.21033653846153846 0.28125 0.08173076923076923 0.17067307692307693
1 0.20673076923076922 0.3557692307692308 0.08653846153846154 0.1971153846153846
0 0.2283653846153846 0.1971153846153846 0.057692307692307696 0.1346153846153846
0 0.1935096153846154 0.4879807692307692 0.06490384615384616 0.1346153846153846
2 0.24278846153846154 0.11658653846153846 0.06009615384615385 0.12259615384615384
2 0.17427884615384615 0.6069711538461539 0.07932692307692307 0.12980769230769232
5 0.24519230769230768 0.04927884615384615 0.052884615384615384 0.0985576923076923
5 0.16346153846153846 0.7307692307692307 0.07451923076923077 0.12980769230769232
3 0.2692307692307692 0.7355769230769231 0.055288461538461536 0.10576923076923077
3 0.28125 0.609375 0.055288461538461536 0.10096153846153846
3 0.28966346153846156 0.5024038461538461 0.055288461538461536 0.10096153846153846
3 0.3004807692307692 0.3954326923076923 0.04807692307692308 0.0985576923076923
3 0.31009615384615385 0.29447115384615385 0.04807692307692308 0.0985576923076923
3 0.31971153846153844 0.21153846153846154 0.05048076923076923 0.0985576923076923
3 0.32572115384615385 0.12740384615384615 0.04567307692307692 0.09615384615384616
3 0.3293269230769231 0.04567307692307692 0.04326923076923077 0.09134615384615384
10 0.8221153846153846 0.27283653846153844 0.06971153846153846 0.17307692307692307
7 0.8413461538461539 0.3629807692307692 0.07451923076923077 0.19951923076923078
6 0.8173076923076923 0.19591346153846154 0.055288461538461536 0.1346153846153846
6 0.859375 0.49278846153846156 0.06490384615384616 0.14182692307692307
8 0.8076923076923077 0.11899038461538461 0.0625 0.125
8 0.8653846153846154 0.6286057692307693 0.07211538461538461 0.13701923076923078
11 0.7944711538461539 0.04927884615384615 0.055288461538461536 0.0985576923076923
11 0.8858173076923077 0.7584134615384616 0.07692307692307693 0.14182692307692307
9 0.7199519230769231 0.04567307692307692 0.04807692307692308 0.09134615384615384
9 0.7223557692307693 0.12860576923076922 0.05048076923076923 0.09375
9 0.7259615384615384 0.21634615384615385 0.04807692307692308 0.10096153846153846
9 0.7331730769230769 0.3016826923076923 0.055288461538461536 0.10096153846153846
9 0.7391826923076923 0.40625 0.06009615384615385 0.10336538461538461
9 0.7524038461538461 0.5120192307692307 0.057692307692307696 0.10336538461538461
9 0.7548076923076923 0.6165865384615384 0.055288461538461536 0.11057692307692307
9 0.7692307692307693 0.7415865384615384 0.055288461538461536 0.11538461538461539