4 0.21995192307692307 0.28365384615384615 0.08173076923076923 0.17548076923076922
1 0.21514423076923078 0.36177884615384615 0.08653846153846154 0.20432692307692307
0 0.24158653846153846 0.1971153846153846 0.057692307692307696 0.13701923076923078
0 0.20192307692307693 0.5 0.06490384615384616 0.13701923076923078
2 0.25600961538461536 0.1141826923076923 0.06009615384615385 0.12740384615384615
2 0.18028846153846154 0.6225961538461539 0.07932692307692307 0.1346153846153846
5 0.2608173076923077 0.054086538461538464 0.055288461538461536 0.08173076923076923
5 0.16826923076923078 0.7512019230769231 0.07451923076923077 0.13221153846153846
3 0.2764423076923077 0.7524038461538461 0.055288461538461536 0.11057692307692307
3 0.28966346153846156 0.6213942307692307 0.055288461538461536 0.10336538461538461
3 0.3004807692307692 0.5108173076923077 0.055288461538461536 0.10336538461538461
3 0.3125 0.39783653846153844 0.04807692307692308 0.10336538461538461
3 0.3245192307692308 0.2956730769230769 0.04807692307692308 0.10336538461538461
3 0.33533653846153844 0.2091346153846154 0.05048076923076923 0.10096153846153846
3 0.3425480769230769 0.12259615384615384 0.04567307692307692 0.0985576923076923
3 0.3473557692307692 0.046875 0.04326923076923077 0.07211538461538461
10 0.8533653846153846 0.2536057692307692 0.06971153846153846 0.1778846153846154
7 0.8713942307692307 0.34615384615384615 0.07451923076923077 0.20673076923076922
6 0.8485576923076923 0.17427884615384615 0.055288461538461536 0.13701923076923078
6 0.8894230769230769 0.4795673076923077 0.0673076923076923 0.1466346153846154
8 0.8401442307692307 0.09495192307692307 0.0625 0.12980769230769232
8 0.8942307692307693 0.6213942307692307 0.07451923076923077 0.14182692307692307
11 0.8293269230769231 0.037259615384615384 0.057692307692307696 0.06971153846153846
11 0.9134615384615384 0.7536057692307693 0.07932692307692307 0.1466346153846154
9 0.75 0.037259615384615384 0.04807692307692308 0.06490384615384616
9 0.7524038461538461 0.10817307692307693 0.05048076923076923 0.09615384615384616
9 0.7548076923076923 0.19831730769230768 0.04807692307692308 0.10336538461538461
9 0.7620192307692307 0.28725961538461536 0.055288461538461536 0.10336538461538461
9 0.7668269230769231 0.3942307692307692 0.06009615384615385 0.10817307692307693
9 0.7776442307692307 0.5036057692307693 0.06009615384615385 0.10576923076923077
9 0.7800480769230769 0.6117788461538461 0.057692307692307696 0.11538461538461539
9 0.7932692307692307 0.7415865384615384 0.057692307692307696 0.1201923076923077