10 0.3088942307692308 0.1045673076923077 0.07692307692307693 0.19230769230769232
11 0.15264423076923078 0.05889423076923077 0.07451923076923077 0.11778846153846154
6 0.14302884615384615 0.10817307692307693 0.06971153846153846 0.15625
7 0.12379807692307693 0.27403846153846156 0.08413461538461539 0.21875
8 0.21394230769230768 0.7884615384615384 0.09375 0.17307692307692307
9 0.23317307692307693 0.12259615384615384 0.06009615384615385 0.11778846153846154
9 0.22235576923076922 0.3076923076923077 0.06009615384615385 0.11538461538461539
9 0.22596153846153846 0.41225961538461536 0.06971153846153846 0.1201923076923077
9 0.33653846153846156 0.546875 0.0673076923076923 0.12259615384615384
1 0.7692307692307693 0.2644230769230769 0.09615384615384616 0.21634615384615385
5 0.5528846153846154 0.051682692307692304 0.0673076923076923 0.10336538461538461
0 0.484375 0.19230769230769232 0.06971153846153846 0.16346153846153846
5 0.49158653846153844 0.3137019230769231 0.06971153846153846 0.1346153846153846
2 0.3245192307692308 0.40625 0.08173076923076923 0.17067307692307693
2 0.21153846153846154 0.6298076923076923 0.08173076923076923 0.1658653846153846
3 0.3894230769230769 0.13581730769230768 0.055288461538461536 0.1201923076923077
3 0.5336538461538461 0.6550480769230769 0.06490384615384616 0.12259615384615384
3 0.6778846153846154 0.31009615384615385 0.06009615384615385 0.1201923076923077
3 0.6021634615384616 0.5216346153846154 0.06009615384615385 0.1201923076923077