5 0.9026442307692307 0.7944711538461539 0.08413461538461539 0.14423076923076922
1 0.8088942307692307 0.29086538461538464 0.08413461538461539 0.21394230769230768
5 0.765625 0.06850961538461539 0.06009615384615385 0.12740384615384615
4 0.5492788461538461 0.41947115384615385 0.0673076923076923 0.18509615384615385
2 0.6790865384615384 0.6622596153846154 0.06971153846153846 0.15625
2 0.6286057692307693 0.328125 0.06009615384615385 0.14423076923076922
3 0.7920673076923077 0.7956730769230769 0.0625 0.12259615384615384
3 0.6442307692307693 0.5396634615384616 0.055288461538461536 0.11057692307692307
3 0.5805288461538461 0.6730769230769231 0.057692307692307696 0.11538461538461539
3 0.7223557692307693 0.3401442307692308 0.055288461538461536 0.11298076923076923
3 0.5420673076923077 0.2548076923076923 0.057692307692307696 0.11298076923076923
3 0.6033653846153846 0.15985576923076922 0.055288461538461536 0.11057692307692307
0 0.6802884615384616 0.06850961538461539 0.057692307692307696 0.12980769230769232
0 0.38461538461538464 0.5432692307692307 0.0625 0.15144230769230768
6 0.19591346153846154 0.13341346153846154 0.06490384615384616 0.1466346153846154
11 0.20673076923076922 0.06971153846153846 0.057692307692307696 0.12259615384615384
7 0.1778846153846154 0.39783653846153844 0.08173076923076923 0.20673076923076922
10 0.3605769230769231 0.12980769230769232 0.06971153846153846 0.1875
8 0.3713942307692308 0.32211538461538464 0.06490384615384616 0.13942307692307693
8 0.1814903846153846 0.5444711538461539 0.07932692307692307 0.14182692307692307
6 0.16466346153846154 0.6646634615384616 0.07451923076923077 0.15144230769230768
9 0.2764423076923077 0.6742788461538461 0.06009615384615385 0.11778846153846154
9 0.27884615384615385 0.4338942307692308 0.0673076923076923 0.11298076923076923
9 0.2764423076923077 0.3293269230769231 0.055288461538461536 0.11538461538461539
9 0.28725961538461536 0.15504807692307693 0.057692307692307696 0.11538461538461539
9 0.43149038461538464 0.0673076923076923 0.055288461538461536 0.11298076923076923
9 0.4423076923076923 0.23317307692307693 0.055288461538461536 0.11057692307692307