5 0.12620192307692307 0.7548076923076923 0.08413461538461539 0.14182692307692307
1 0.21995192307692307 0.25961538461538464 0.08173076923076923 0.21153846153846154
5 0.2620192307692308 0.051682692307692304 0.06009615384615385 0.10336538461538461
4 0.47475961538461536 0.39663461538461536 0.06490384615384616 0.18509615384615385
2 0.3473557692307692 0.6334134615384616 0.0673076923076923 0.15625
2 0.39663461538461536 0.30288461538461536 0.06009615384615385 0.14423076923076922
3 0.234375 0.7608173076923077 0.0625 0.12259615384615384
3 0.38221153846153844 0.5120192307692307 0.055288461538461536 0.11057692307692307
3 0.44350961538461536 0.6454326923076923 0.057692307692307696 0.11538461538461539
3 0.30528846153846156 0.3112980769230769 0.055288461538461536 0.11298076923076923
3 0.4831730769230769 0.23317307692307693 0.057692307692307696 0.11298076923076923
3 0.4206730769230769 0.13701923076923078 0.055288461538461536 0.11057692307692307
0 0.3449519230769231 0.055288461538461536 0.06009615384615385 0.11057692307692307
0 0.6382211538461539 0.5252403846153846 0.0625 0.15144230769230768
6 0.8257211538461539 0.125 0.06490384615384616 0.1466346153846154
11 0.8149038461538461 0.0625 0.055288461538461536 0.12259615384615384
7 0.8425480769230769 0.3870192307692308 0.08173076923076923 0.20432692307692307
10 0.6610576923076923 0.11658653846153846 0.0673076923076923 0.18509615384615385
8 0.6514423076923077 0.30649038461538464 0.06490384615384616 0.13942307692307693
8 0.8401442307692307 0.5324519230769231 0.07932692307692307 0.14182692307692307
6 0.8557692307692307 0.6526442307692307 0.07451923076923077 0.15144230769230768
9 0.7451923076923077 0.6574519230769231 0.06009615384615385 0.11778846153846154
9 0.7427884615384616 0.4206730769230769 0.0673076923076923 0.11298076923076923
9 0.7451923076923077 0.3173076923076923 0.055288461538461536 0.11538461538461539
9 0.734375 0.14423076923076922 0.057692307692307696 0.11538461538461539
9 0.5913461538461539 0.052884615384615384 0.052884615384615384 0.10576923076923077
9 0.5817307692307693 0.21634615384615385 0.055288461538461536 0.11057692307692307