11 0.37740384615384615 0.7824519230769231 0.07692307692307693 0.1466346153846154
5 0.171875 0.78125 0.08173076923076923 0.14182692307692307
1 0.2920673076923077 0.6370192307692307 0.09134615384615384 0.21634615384615385
4 0.4182692307692308 0.31850961538461536 0.07692307692307693 0.18509615384615385
3 0.3293269230769231 0.2439903846153846 0.052884615384615384 0.10817307692307693
3 0.39663461538461536 0.5492788461538461 0.06009615384615385 0.1201923076923077
3 0.5024038461538461 0.3317307692307692 0.052884615384615384 0.10576923076923077
5 0.7620192307692307 0.546875 0.06971153846153846 0.1466346153846154
7 0.6682692307692307 0.4098557692307692 0.08413461538461539 0.20192307692307693
11 0.8485576923076923 0.25 0.07211538461538461 0.12980769230769232
9 0.5877403846153846 0.33533653846153844 0.055288461538461536 0.11298076923076923
9 0.6586538461538461 0.17668269230769232 0.052884615384615384 0.11298076923076923
9 0.7463942307692307 0.07932692307692307 0.052884615384615384 0.10817307692307693
9 0.7776442307692307 0.6802884615384616 0.06490384615384616 0.11298076923076923