8 0.34975961538461536 0.3269230769230769 0.057692307692307696 0.13221153846153846
7 0.16346153846153846 0.4026442307692308 0.07451923076923077 0.19471153846153846
8 0.1622596153846154 0.5480769230769231 0.07211538461538461 0.13701923076923078
6 0.14302884615384615 0.6634615384615384 0.06490384615384616 0.14182692307692307
11 0.3425480769230769 0.7776442307692307 0.0673076923076923 0.14182692307692307
11 0.1971153846153846 0.0889423076923077 0.052884615384615384 0.11538461538461539
6 0.18509615384615385 0.15264423076923078 0.0625 0.13942307692307693
9 0.25961538461538464 0.34134615384615385 0.057692307692307696 0.09615384615384616
9 0.24639423076923078 0.6694711538461539 0.052884615384615384 0.10817307692307693
9 0.27403846153846156 0.1622596153846154 0.04326923076923077 0.09615384615384616
9 0.2608173076923077 0.4387019230769231 0.05048076923076923 0.10096153846153846
10 0.27524038461538464 0.21995192307692307 0.06009615384615385 0.16826923076923078
9 0.41346153846153844 0.08653846153846154 0.04567307692307692 0.10336538461538461
9 0.4170673076923077 0.24639423076923078 0.04567307692307692 0.10096153846153846
9 0.42908653846153844 0.5600961538461539 0.05048076923076923 0.10576923076923077
9 0.4483173076923077 0.7872596153846154 0.057692307692307696 0.11057692307692307
1 0.7716346153846154 0.3016826923076923 0.07451923076923077 0.1971153846153846
2 0.8161057692307693 0.5456730769230769 0.07451923076923077 0.1346153846153846
5 0.8485576923076923 0.7860576923076923 0.07451923076923077 0.13942307692307693
5 0.7307692307692307 0.08413461538461539 0.052884615384615384 0.11778846153846154
0 0.6502403846153846 0.0829326923076923 0.052884615384615384 0.13942307692307693
0 0.3557692307692308 0.5432692307692307 0.06009615384615385 0.13701923076923078
3 0.3557692307692308 0.4483173076923077 0.04807692307692308 0.0985576923076923
3 0.5769230769230769 0.17548076923076922 0.04326923076923077 0.10096153846153846
3 0.5048076923076923 0.09014423076923077 0.04326923076923077 0.0985576923076923
3 0.5120192307692307 0.2644230769230769 0.04567307692307692 0.10096153846153846
3 0.5444711538461539 0.6658653846153846 0.04807692307692308 0.11057692307692307
3 0.7439903846153846 0.7860576923076923 0.052884615384615384 0.10817307692307693
4 0.7043269230769231 0.41225961538461536 0.06971153846153846 0.17548076923076922
2 0.6069711538461539 0.3425480769230769 0.0625 0.14182692307692307
3 0.6802884615384616 0.34375 0.05048076923076923 0.10817307692307693
3 0.5985576923076923 0.5444711538461539 0.055288461538461536 0.11057692307692307