1 0.20793269230769232 0.3329326923076923 0.09134615384615384 0.20673076923076922
5 0.7439903846153846 0.07091346153846154 0.0625 0.12740384615384615
7 0.8497596153846154 0.31850961538461536 0.08653846153846154 0.22115384615384615
11 0.5637019230769231 0.3581730769230769 0.055288461538461536 0.13221153846153846
6 0.5588942307692307 0.45552884615384615 0.0673076923076923 0.14903846153846154
9 0.6478365384615384 0.5889423076923077 0.0625 0.11778846153846154
9 0.7391826923076923 0.17548076923076922 0.055288461538461536 0.11538461538461539
9 0.7512019230769231 0.35336538461538464 0.057692307692307696 0.11778846153846154
3 0.6586538461538461 0.4639423076923077 0.057692307692307696 0.11298076923076923
3 0.40384615384615385 0.3629807692307692 0.05048076923076923 0.11538461538461539
3 0.4495192307692308 0.7019230769230769 0.057692307692307696 0.12259615384615384