1 0.20192307692307693 0.296875 0.09134615384615384 0.20673076923076922
5 0.7295673076923077 0.054086538461538464 0.0625 0.10817307692307693
7 0.8413461538461539 0.29086538461538464 0.0889423076923077 0.21875
11 0.5576923076923077 0.3269230769230769 0.055288461538461536 0.13221153846153846
6 0.5552884615384616 0.4230769230769231 0.0673076923076923 0.14903846153846154
9 0.6478365384615384 0.5576923076923077 0.0625 0.11538461538461539
9 0.7271634615384616 0.1466346153846154 0.055288461538461536 0.11538461538461539
9 0.7439903846153846 0.3245192307692308 0.057692307692307696 0.11778846153846154
3 0.6538461538461539 0.4338942307692308 0.057692307692307696 0.11298076923076923
3 0.39783653846153844 0.3293269230769231 0.05048076923076923 0.11538461538461539
3 0.4543269230769231 0.6670673076923077 0.057692307692307696 0.12259615384615384