1 0.7920673076923077 0.3329326923076923 0.09134615384615384 0.20673076923076922
5 0.25600961538461536 0.07091346153846154 0.0625 0.12740384615384615
7 0.1502403846153846 0.31850961538461536 0.08653846153846154 0.22115384615384615
11 0.4362980769230769 0.3581730769230769 0.055288461538461536 0.13221153846153846
6 0.4411057692307692 0.45552884615384615 0.0673076923076923 0.14903846153846154
9 0.35216346153846156 0.5889423076923077 0.0625 0.11778846153846154
9 0.2608173076923077 0.17548076923076922 0.055288461538461536 0.11538461538461539
9 0.24879807692307693 0.35336538461538464 0.057692307692307696 0.11778846153846154
3 0.34134615384615385 0.4639423076923077 0.057692307692307696 0.11298076923076923
3 0.5961538461538461 0.3629807692307692 0.05048076923076923 0.11538461538461539
3 0.5504807692307693 0.7019230769230769 0.057692307692307696 0.12259615384615384