4 0.5949519230769231 0.2932692307692308 0.07451923076923077 0.17307692307692307
1 0.7848557692307693 0.36778846153846156 0.0889423076923077 0.20192307692307693
5 0.8341346153846154 0.7223557692307693 0.07692307692307693 0.15384615384615385
5 0.5841346153846154 0.056490384615384616 0.052884615384615384 0.11298076923076923
2 0.5889423076923077 0.12980769230769232 0.0625 0.12980769230769232
2 0.43990384615384615 0.3858173076923077 0.0673076923076923 0.14182692307692307
3 0.6646634615384616 0.14302884615384615 0.04567307692307692 0.10096153846153846
3 0.6754807692307693 0.22596153846153846 0.04807692307692308 0.10576923076923077
3 0.6971153846153846 0.39783653846153844 0.05048076923076923 0.11778846153846154
3 0.6225961538461539 0.49759615384615385 0.057692307692307696 0.11298076923076923
3 0.5144230769230769 0.2956730769230769 0.052884615384615384 0.10576923076923077
3 0.5204326923076923 0.06009615384615385 0.05048076923076923 0.10817307692307693
10 0.3605769230769231 0.28725961538461536 0.07451923076923077 0.17067307692307693
6 0.25600961538461536 0.3713942307692308 0.0673076923076923 0.15144230769230768
11 0.3629807692307692 0.18269230769230768 0.06009615384615385 0.13701923076923078
11 0.16105769230769232 0.5913461538461539 0.07692307692307693 0.15384615384615385
7 0.1658653846153846 0.3581730769230769 0.08173076923076923 0.20673076923076922
11 0.20432692307692307 0.05048076923076923 0.0673076923076923 0.10096153846153846
11 0.24639423076923078 0.7331730769230769 0.07692307692307693 0.14423076923076922
9 0.2824519230769231 0.05048076923076923 0.05048076923076923 0.10096153846153846
9 0.25961538461538464 0.6057692307692307 0.057692307692307696 0.11778846153846154
9 0.28725961538461536 0.21033653846153846 0.057692307692307696 0.11298076923076923
9 0.4338942307692308 0.2956730769230769 0.052884615384615384 0.10817307692307693
9 0.4411057692307692 0.7307692307692307 0.057692307692307696 0.12259615384615384