4 0.39903846153846156 0.28966346153846156 0.07211538461538461 0.18028846153846154
1 0.18990384615384615 0.48677884615384615 0.0889423076923077 0.2091346153846154
5 0.16105769230769232 0.7403846153846154 0.08413461538461539 0.14903846153846154
3 0.3004807692307692 0.4074519230769231 0.052884615384615384 0.11538461538461539
3 0.31971153846153844 0.22596153846153846 0.055288461538461536 0.10096153846153846
3 0.3317307692307692 0.140625 0.04807692307692308 0.10336538461538461
3 0.47596153846153844 0.06129807692307692 0.04567307692307692 0.10096153846153846
3 0.4831730769230769 0.3004807692307692 0.052884615384615384 0.11538461538461539
3 0.375 0.5060096153846154 0.0625 0.1201923076923077
2 0.5600961538461539 0.3918269230769231 0.0673076923076923 0.13942307692307693
11 0.7932692307692307 0.052884615384615384 0.0625 0.10096153846153846
11 0.7524038461538461 0.7451923076923077 0.06971153846153846 0.13942307692307693
7 0.7367788461538461 0.36538461538461536 0.07932692307692307 0.20192307692307693
8 0.4879807692307692 0.13221153846153846 0.057692307692307696 0.1466346153846154
8 0.8413461538461539 0.6021634615384616 0.07932692307692307 0.1466346153846154
6 0.5625 0.6045673076923077 0.06490384615384616 0.14182692307692307
10 0.6382211538461539 0.28725961538461536 0.06490384615384616 0.18028846153846154
9 0.5649038461538461 0.29927884615384615 0.052884615384615384 0.10576923076923077
9 0.7139423076923077 0.054086538461538464 0.057692307692307696 0.10096153846153846
9 0.7151442307692307 0.21153846153846154 0.052884615384615384 0.10817307692307693
9 0.7451923076923077 0.6165865384615384 0.0625 0.11778846153846154
9 0.5576923076923077 0.7415865384615384 0.06490384615384616 0.11778846153846154