1 0.7487980769230769 0.5829326923076923 0.09134615384615384 0.20673076923076922
5 0.8725961538461539 0.7331730769230769 0.07451923076923077 0.1466346153846154
11 0.6634615384615384 0.7115384615384616 0.07211538461538461 0.1466346153846154
8 0.5180288461538461 0.09134615384615384 0.055288461538461536 0.14423076923076922
4 0.6129807692307693 0.2608173076923077 0.07692307692307693 0.18509615384615385
3 0.6947115384615384 0.19471153846153846 0.05048076923076923 0.10817307692307693
3 0.7199519230769231 0.38100961538461536 0.06009615384615385 0.11057692307692307
3 0.6418269230769231 0.4831730769230769 0.057692307692307696 0.11298076923076923
3 0.5300480769230769 0.26802884615384615 0.052884615384615384 0.11298076923076923
2 0.45072115384615385 0.3629807692307692 0.0673076923076923 0.14182692307692307
9 0.44471153846153844 0.2644230769230769 0.055288461538461536 0.10576923076923077
10 0.36658653846153844 0.25240384615384615 0.07692307692307693 0.18028846153846154
7 0.26802884615384615 0.32572115384615385 0.07932692307692307 0.20432692307692307
11 0.20673076923076922 0.028846153846153848 0.06490384615384616 0.057692307692307696
9 0.2860576923076923 0.027644230769230768 0.052884615384615384 0.055288461538461536
9 0.28725961538461536 0.16706730769230768 0.055288461538461536 0.11057692307692307
9 0.26322115384615385 0.5829326923076923 0.06490384615384616 0.11778846153846154