1 0.8064903846153846 0.2668269230769231 0.09375 0.22115384615384615
0 0.6237980769230769 0.12259615384615384 0.06490384615384616 0.14903846153846154
5 0.5913461538461539 0.054086538461538464 0.06009615384615385 0.10817307692307693
5 0.5216346153846154 0.12980769230769232 0.06490384615384616 0.1346153846153846
3 0.7199519230769231 0.3137019230769231 0.052884615384615384 0.11778846153846154
3 0.7920673076923077 0.78125 0.06971153846153846 0.12740384615384615
3 0.6442307692307693 0.5204326923076923 0.0625 0.12980769230769232
3 0.5793269230769231 0.6550480769230769 0.06971153846153846 0.1346153846153846
3 0.4326923076923077 0.14302884615384615 0.052884615384615384 0.11057692307692307
2 0.45913461538461536 0.22115384615384615 0.07451923076923077 0.14423076923076922
2 0.265625 0.6346153846153846 0.0889423076923077 0.15865384615384615
7 0.171875 0.3894230769230769 0.09134615384615384 0.21634615384615385
6 0.18629807692307693 0.1201923076923077 0.07932692307692307 0.15144230769230768
6 0.375 0.4050480769230769 0.07692307692307693 0.15865384615384615
11 0.19951923076923078 0.0673076923076923 0.07451923076923077 0.1346153846153846
10 0.3545673076923077 0.11538461538461539 0.07932692307692307 0.19230769230769232
8 0.25841346153846156 0.7908653846153846 0.08653846153846154 0.17548076923076922
9 0.28125 0.12980769230769232 0.06009615384615385 0.1201923076923077
9 0.2704326923076923 0.3137019230769231 0.06490384615384616 0.11057692307692307
9 0.27403846153846156 0.4182692307692308 0.07211538461538461 0.12259615384615384
9 0.3798076923076923 0.5564903846153846 0.06971153846153846 0.1346153846153846