1 0.22355769230769232 0.2932692307692308 0.0889423076923077 0.2091346153846154
0 0.3954326923076923 0.15504807692307693 0.0625 0.14182692307692307
5 0.4266826923076923 0.07572115384615384 0.057692307692307696 0.12980769230769232
5 0.49158653846153844 0.1622596153846154 0.0625 0.12740384615384615
3 0.30528846153846156 0.33774038461538464 0.05048076923076923 0.11298076923076923
3 0.23557692307692307 0.7800480769230769 0.06490384615384616 0.1201923076923077
3 0.3762019230769231 0.5324519230769231 0.057692307692307696 0.12259615384615384
3 0.4387019230769231 0.6586538461538461 0.0673076923076923 0.12740384615384615
3 0.5769230769230769 0.17427884615384615 0.05048076923076923 0.10576923076923077
2 0.5516826923076923 0.24759615384615385 0.06971153846153846 0.13701923076923078
2 0.734375 0.6394230769230769 0.08413461538461539 0.15144230769230768
7 0.8233173076923077 0.40625 0.08653846153846154 0.20673076923076922
6 0.8100961538461539 0.15144230769230768 0.07692307692307693 0.14423076923076922
6 0.6322115384615384 0.421875 0.07211538461538461 0.15144230769230768
11 0.8004807692307693 0.09615384615384616 0.06971153846153846 0.1346153846153846
10 0.6502403846153846 0.1466346153846154 0.07692307692307693 0.18269230769230768
8 0.7415865384615384 0.7872596153846154 0.08173076923076923 0.1658653846153846
9 0.7211538461538461 0.16105769230769232 0.055288461538461536 0.11538461538461539
9 0.7319711538461539 0.33653846153846156 0.06009615384615385 0.10576923076923077
9 0.7271634615384616 0.43509615384615385 0.06971153846153846 0.11538461538461539
9 0.6274038461538461 0.5661057692307693 0.0673076923076923 0.12740384615384615