8 0.5540865384615384 0.6442307692307693 0.07211538461538461 0.16826923076923078
7 0.8473557692307693 0.2980769230769231 0.08413461538461539 0.21394230769230768
10 0.6586538461538461 0.12980769230769232 0.06490384615384616 0.18509615384615385
6 0.5661057692307693 0.421875 0.07211538461538461 0.14903846153846154
11 0.5769230769230769 0.140625 0.06490384615384616 0.13221153846153846
9 0.5625 0.3137019230769231 0.057692307692307696 0.11057692307692307
9 0.7331730769230769 0.15625 0.0673076923076923 0.1201923076923077
9 0.7487980769230769 0.3317307692307692 0.055288461538461536 0.11538461538461539
9 0.65625 0.5612980769230769 0.057692307692307696 0.13221153846153846
5 0.7355769230769231 0.06370192307692307 0.0673076923076923 0.12740384615384615
2 0.765625 0.6478365384615384 0.08173076923076923 0.16826923076923078
0 0.49158653846153844 0.21634615384615385 0.052884615384615384 0.15144230769230768
1 0.22355769230769232 0.2764423076923077 0.0889423076923077 0.2091346153846154
3 0.31009615384615385 0.32091346153846156 0.052884615384615384 0.11778846153846154
3 0.46274038461538464 0.6574519230769231 0.055288461538461536 0.12980769230769232
3 0.3918269230769231 0.5276442307692307 0.055288461538461536 0.125