6 0.5552884615384616 0.42908653846153844 0.06971153846153846 0.14423076923076922
11 0.5637019230769231 0.33653846153846156 0.06009615384615385 0.1346153846153846
8 0.546875 0.6490384615384616 0.07211538461538461 0.16105769230769232
7 0.8341346153846154 0.29927884615384615 0.08413461538461539 0.21394230769230768
10 0.6538461538461539 0.13942307692307693 0.06971153846153846 0.18028846153846154
9 0.7259615384615384 0.15865384615384615 0.057692307692307696 0.11298076923076923
9 0.7403846153846154 0.3329326923076923 0.06009615384615385 0.11057692307692307
9 0.6430288461538461 0.5637019230769231 0.052884615384615384 0.1201923076923077
5 0.7259615384615384 0.06370192307692307 0.04807692307692308 0.12740384615384615
2 0.6502403846153846 0.4182692307692308 0.0625 0.15625
1 0.22355769230769232 0.2956730769230769 0.0889423076923077 0.20432692307692307
3 0.5709134615384616 0.5372596153846154 0.055288461538461536 0.11057692307692307
3 0.4074519230769231 0.3389423076923077 0.055288461538461536 0.11538461538461539
3 0.4543269230769231 0.6634615384615384 0.06009615384615385 0.12259615384615384