5 0.11538461538461539 0.765625 0.07932692307692307 0.14182692307692307
1 0.234375 0.6129807692307693 0.0889423076923077 0.21394230769230768
4 0.3641826923076923 0.29086538461538464 0.0673076923076923 0.17548076923076922
3 0.2824519230769231 0.22235576923076922 0.05048076923076923 0.11057692307692307
3 0.2608173076923077 0.40865384615384615 0.055288461538461536 0.11057692307692307
3 0.3401442307692308 0.5096153846153846 0.057692307692307696 0.11057692307692307
3 0.45072115384615385 0.2920673076923077 0.055288461538461536 0.10817307692307693
2 0.5300480769230769 0.38221153846153844 0.0625 0.14182692307692307
6 0.5300480769230769 0.6033653846153846 0.06490384615384616 0.15144230769230768
10 0.6153846153846154 0.27283653846153844 0.06971153846153846 0.18269230769230768
7 0.7091346153846154 0.3485576923076923 0.07692307692307693 0.20432692307692307
8 0.6177884615384616 0.48197115384615385 0.06490384615384616 0.15144230769230768
9 0.5348557692307693 0.28966346153846156 0.05048076923076923 0.10576923076923077
9 0.6899038461538461 0.18870192307692307 0.05048076923076923 0.11057692307692307
9 0.7163461538461539 0.6033653846153846 0.06009615384615385 0.1201923076923077
9 0.6923076923076923 0.040865384615384616 0.052884615384615384 0.08173076923076923
11 0.7716346153846154 0.038461538461538464 0.06009615384615385 0.07692307692307693
11 0.31850961538461536 0.7379807692307693 0.07211538461538461 0.15384615384615385