1 0.7896634615384616 0.27884615384615385 0.09134615384615384 0.2283653846153846
0 0.6081730769230769 0.125 0.055288461538461536 0.15384615384615385
5 0.578125 0.056490384615384616 0.06971153846153846 0.11298076923076923
5 0.5204326923076923 0.42908653846153844 0.07932692307692307 0.17067307692307693
3 0.6959134615384616 0.3245192307692308 0.0625 0.125
3 0.7560096153846154 0.7956730769230769 0.0673076923076923 0.13221153846153846
3 0.5432692307692307 0.6778846153846154 0.06971153846153846 0.1346153846153846
3 0.6129807692307693 0.5348557692307693 0.0625 0.13701923076923078
3 0.4110576923076923 0.15144230769230768 0.057692307692307696 0.11298076923076923
3 0.49278846153846156 0.1466346153846154 0.0625 0.11538461538461539
2 0.6045673076923077 0.3173076923076923 0.07451923076923077 0.1658653846153846
2 0.43149038461538464 0.7956730769230769 0.07932692307692307 0.1778846153846154
10 0.33653846153846156 0.11298076923076923 0.07211538461538461 0.1971153846153846
8 0.20793269230769232 0.8088942307692307 0.09615384615384616 0.17548076923076922
11 0.17548076923076922 0.06129807692307692 0.07211538461538461 0.12259615384615384
6 0.3425480769230769 0.41947115384615385 0.07451923076923077 0.16826923076923078
6 0.16706730769230768 0.11899038461538461 0.06971153846153846 0.17548076923076922
7 0.12980769230769232 0.39783653846153844 0.10336538461538461 0.22115384615384615
9 0.4074519230769231 0.054086538461538464 0.06490384615384616 0.10817307692307693
9 0.25721153846153844 0.13581730769230768 0.0625 0.125
9 0.23918269230769232 0.31850961538461536 0.055288461538461536 0.12259615384615384
9 0.23798076923076922 0.42908653846153844 0.06490384615384616 0.12740384615384615
9 0.34134615384615385 0.5612980769230769 0.07211538461538461 0.1346153846153846