1 0.21033653846153846 0.27884615384615385 0.09134615384615384 0.2283653846153846
0 0.3918269230769231 0.125 0.055288461538461536 0.15384615384615385
5 0.421875 0.056490384615384616 0.06971153846153846 0.11298076923076923
5 0.4795673076923077 0.42908653846153844 0.07932692307692307 0.17067307692307693
3 0.30408653846153844 0.3245192307692308 0.0625 0.125
3 0.2439903846153846 0.7956730769230769 0.0673076923076923 0.13221153846153846
3 0.4567307692307692 0.6778846153846154 0.06971153846153846 0.1346153846153846
3 0.3870192307692308 0.5348557692307693 0.0625 0.13701923076923078
3 0.5889423076923077 0.15144230769230768 0.057692307692307696 0.11298076923076923
3 0.5072115384615384 0.1466346153846154 0.0625 0.11538461538461539
2 0.3954326923076923 0.3173076923076923 0.07451923076923077 0.1658653846153846
2 0.5685096153846154 0.7956730769230769 0.07932692307692307 0.1778846153846154
10 0.6634615384615384 0.11298076923076923 0.07211538461538461 0.1971153846153846
8 0.7920673076923077 0.8088942307692307 0.09615384615384616 0.17548076923076922
11 0.8245192307692307 0.06129807692307692 0.07211538461538461 0.12259615384615384
6 0.6574519230769231 0.41947115384615385 0.07451923076923077 0.16826923076923078
6 0.8329326923076923 0.11899038461538461 0.06971153846153846 0.17548076923076922
7 0.8701923076923077 0.39783653846153844 0.10336538461538461 0.22115384615384615
9 0.5925480769230769 0.054086538461538464 0.06490384615384616 0.10817307692307693
9 0.7427884615384616 0.13581730769230768 0.0625 0.125
9 0.7608173076923077 0.31850961538461536 0.055288461538461536 0.12259615384615384
9 0.7620192307692307 0.42908653846153844 0.06490384615384616 0.12740384615384615
9 0.6586538461538461 0.5612980769230769 0.07211538461538461 0.1346153846153846