1 0.7620192307692307 0.2932692307692308 0.0889423076923077 0.21394230769230768
0 0.59375 0.14543269230769232 0.052884615384615384 0.14423076923076922
5 0.5697115384615384 0.0673076923076923 0.06490384615384616 0.13221153846153846
5 0.5108173076923077 0.4266826923076923 0.07451923076923077 0.15865384615384615
3 0.6730769230769231 0.3329326923076923 0.06009615384615385 0.11778846153846154
3 0.7259615384615384 0.7740384615384616 0.06490384615384616 0.125
3 0.5288461538461539 0.6586538461538461 0.0673076923076923 0.12740384615384615
3 0.5949519230769231 0.5264423076923077 0.06009615384615385 0.12980769230769232
3 0.4110576923076923 0.1658653846153846 0.052884615384615384 0.10817307692307693
3 0.48677884615384615 0.1622596153846154 0.06009615384615385 0.11057692307692307
2 0.5901442307692307 0.3245192307692308 0.06971153846153846 0.15625
2 0.42427884615384615 0.765625 0.07692307692307693 0.16826923076923078
10 0.34134615384615385 0.12860576923076922 0.06971153846153846 0.18509615384615385
8 0.21514423076923078 0.7740384615384616 0.09134615384615384 0.1658653846153846
11 0.19230769230769232 0.0673076923076923 0.0673076923076923 0.12980769230769232
6 0.3449519230769231 0.41466346153846156 0.07211538461538461 0.15865384615384615
6 0.18269230769230768 0.12980769230769232 0.0673076923076923 0.16346153846153846
7 0.1466346153846154 0.3894230769230769 0.0985576923076923 0.2091346153846154
9 0.40865384615384615 0.06850961538461539 0.06009615384615385 0.11298076923076923
9 0.26802884615384615 0.14783653846153846 0.06009615384615385 0.11778846153846154
9 0.24879807692307693 0.31850961538461536 0.052884615384615384 0.11538461538461539
9 0.24759615384615385 0.421875 0.0625 0.1201923076923077
9 0.34134615384615385 0.5456730769230769 0.06971153846153846 0.12740384615384615