5 0.5829326923076923 0.054086538461538464 0.055288461538461536 0.0889423076923077
5 0.8629807692307693 0.734375 0.08173076923076923 0.15625
1 0.8028846153846154 0.3485576923076923 0.08413461538461539 0.21394230769230768
4 0.5973557692307693 0.2776442307692308 0.07211538461538461 0.19230769230769232
3 0.7055288461538461 0.3894230769230769 0.06009615384615385 0.1201923076923077
3 0.6778846153846154 0.20192307692307693 0.052884615384615384 0.11057692307692307
3 0.6610576923076923 0.11298076923076923 0.04807692307692308 0.10336538461538461
3 0.5084134615384616 0.051682692307692304 0.05048076923076923 0.07932692307692307
3 0.6298076923076923 0.4987980769230769 0.052884615384615384 0.11538461538461539
3 0.5108173076923077 0.28846153846153844 0.052884615384615384 0.11057692307692307
2 0.5817307692307693 0.1045673076923077 0.04807692307692308 0.13701923076923078
2 0.43509615384615385 0.3858173076923077 0.07692307692307693 0.15144230769230768
6 0.4375 0.6069711538461539 0.07451923076923077 0.15384615384615385
7 0.14783653846153846 0.3605769230769231 0.0889423076923077 0.21634615384615385
10 0.34975961538461536 0.28365384615384615 0.07211538461538461 0.18269230769230768
8 0.3473557692307692 0.17668269230769232 0.06009615384615385 0.14423076923076922
8 0.14302884615384615 0.6117788461538461 0.09134615384615384 0.1658653846153846
11 0.24158653846153846 0.7596153846153846 0.07932692307692307 0.1466346153846154
11 0.17668269230769232 0.056490384615384616 0.06490384615384616 0.07692307692307693
9 0.25 0.6225961538461539 0.057692307692307696 0.1201923076923077
9 0.25961538461538464 0.052884615384615384 0.057692307692307696 0.07451923076923077
9 0.2668269230769231 0.20192307692307693 0.06490384615384616 0.11298076923076923
9 0.4254807692307692 0.28365384615384615 0.055288461538461536 0.11778846153846154
9 0.44591346153846156 0.75 0.06971153846153846 0.13221153846153846