5 0.4170673076923077 0.054086538461538464 0.055288461538461536 0.0889423076923077
5 0.13701923076923078 0.734375 0.08173076923076923 0.15625
1 0.1971153846153846 0.3485576923076923 0.08413461538461539 0.21394230769230768
4 0.4026442307692308 0.2776442307692308 0.07211538461538461 0.19230769230769232
3 0.29447115384615385 0.3894230769230769 0.06009615384615385 0.1201923076923077
3 0.32211538461538464 0.20192307692307693 0.052884615384615384 0.11057692307692307
3 0.3389423076923077 0.11298076923076923 0.04807692307692308 0.10336538461538461
3 0.49158653846153844 0.051682692307692304 0.05048076923076923 0.07932692307692307
3 0.3701923076923077 0.4987980769230769 0.052884615384615384 0.11538461538461539
3 0.4891826923076923 0.28846153846153844 0.052884615384615384 0.11057692307692307
2 0.4182692307692308 0.1045673076923077 0.04807692307692308 0.13701923076923078
2 0.5649038461538461 0.3858173076923077 0.07692307692307693 0.15144230769230768
6 0.5625 0.6069711538461539 0.07451923076923077 0.15384615384615385
7 0.8521634615384616 0.3605769230769231 0.0889423076923077 0.21634615384615385
10 0.6502403846153846 0.28365384615384615 0.07211538461538461 0.18269230769230768
8 0.6526442307692307 0.17668269230769232 0.06009615384615385 0.14423076923076922
8 0.8569711538461539 0.6117788461538461 0.09134615384615384 0.1658653846153846
11 0.7584134615384616 0.7596153846153846 0.07932692307692307 0.1466346153846154
11 0.8233173076923077 0.056490384615384616 0.06490384615384616 0.07692307692307693
9 0.75 0.6225961538461539 0.057692307692307696 0.1201923076923077
9 0.7403846153846154 0.052884615384615384 0.057692307692307696 0.07451923076923077
9 0.7331730769230769 0.20192307692307693 0.06490384615384616 0.11298076923076923
9 0.5745192307692307 0.28365384615384615 0.055288461538461536 0.11778846153846154
9 0.5540865384615384 0.75 0.06971153846153846 0.13221153846153846