5 0.5925480769230769 0.051682692307692304 0.055288461538461536 0.10336538461538461
5 0.8533653846153846 0.7331730769230769 0.07692307692307693 0.15144230769230768
1 0.8016826923076923 0.3557692307692308 0.07692307692307693 0.2091346153846154
4 0.6033653846153846 0.2764423076923077 0.0673076923076923 0.1875
3 0.7067307692307693 0.3894230769230769 0.055288461538461536 0.11538461538461539
3 0.6826923076923077 0.2091346153846154 0.04807692307692308 0.10817307692307693
3 0.6694711538461539 0.1201923076923077 0.04567307692307692 0.10096153846153846
3 0.5204326923076923 0.04567307692307692 0.04807692307692308 0.09134615384615384
3 0.6310096153846154 0.49278846153846156 0.04807692307692308 0.11298076923076923
3 0.5204326923076923 0.28125 0.05048076923076923 0.10817307692307693
2 0.5925480769230769 0.10817307692307693 0.04567307692307692 0.1346153846153846
2 0.44591346153846156 0.37259615384615385 0.07211538461538461 0.1466346153846154
6 0.44471153846153844 0.5853365384615384 0.06971153846153846 0.14903846153846154
7 0.16706730769230768 0.3317307692307692 0.08173076923076923 0.21153846153846154
10 0.3641826923076923 0.26802884615384615 0.0673076923076923 0.1778846153846154
8 0.3641826923076923 0.16466346153846154 0.057692307692307696 0.13942307692307693
8 0.15985576923076922 0.5733173076923077 0.08413461538461539 0.16105769230769232
11 0.25240384615384615 0.7223557692307693 0.07451923076923077 0.14423076923076922
11 0.20072115384615385 0.037259615384615384 0.06009615384615385 0.07451923076923077
9 0.2620192307692308 0.5901442307692307 0.052884615384615384 0.11538461538461539
9 0.2800480769230769 0.038461538461538464 0.052884615384615384 0.07692307692307693
9 0.2848557692307692 0.18509615384615385 0.06009615384615385 0.11057692307692307
9 0.4375 0.27283653846153844 0.052884615384615384 0.11298076923076923
9 0.45072115384615385 0.7247596153846154 0.06490384615384616 0.12740384615384615