5 0.4074519230769231 0.051682692307692304 0.055288461538461536 0.10336538461538461
5 0.1466346153846154 0.7331730769230769 0.07692307692307693 0.15144230769230768
1 0.19831730769230768 0.3557692307692308 0.07692307692307693 0.2091346153846154
4 0.39663461538461536 0.2764423076923077 0.0673076923076923 0.1875
3 0.2932692307692308 0.3894230769230769 0.055288461538461536 0.11538461538461539
3 0.3173076923076923 0.2091346153846154 0.04807692307692308 0.10817307692307693
3 0.33052884615384615 0.1201923076923077 0.04567307692307692 0.10096153846153846
3 0.4795673076923077 0.04567307692307692 0.04807692307692308 0.09134615384615384
3 0.36899038461538464 0.49278846153846156 0.04807692307692308 0.11298076923076923
3 0.4795673076923077 0.28125 0.05048076923076923 0.10817307692307693
2 0.4074519230769231 0.10817307692307693 0.04567307692307692 0.1346153846153846
2 0.5540865384615384 0.37259615384615385 0.07211538461538461 0.1466346153846154
6 0.5552884615384616 0.5853365384615384 0.06971153846153846 0.14903846153846154
7 0.8329326923076923 0.3317307692307692 0.08173076923076923 0.21153846153846154
10 0.6358173076923077 0.26802884615384615 0.0673076923076923 0.1778846153846154
8 0.6358173076923077 0.16466346153846154 0.057692307692307696 0.13942307692307693
8 0.8401442307692307 0.5733173076923077 0.08413461538461539 0.16105769230769232
11 0.7475961538461539 0.7223557692307693 0.07451923076923077 0.14423076923076922
11 0.7992788461538461 0.037259615384615384 0.06009615384615385 0.07451923076923077
9 0.7379807692307693 0.5901442307692307 0.052884615384615384 0.11538461538461539
9 0.7199519230769231 0.038461538461538464 0.052884615384615384 0.07692307692307693
9 0.7151442307692307 0.18509615384615385 0.06009615384615385 0.11057692307692307
9 0.5625 0.27283653846153844 0.052884615384615384 0.11298076923076923
9 0.5492788461538461 0.7247596153846154 0.06490384615384616 0.12740384615384615