4 0.4855769230769231 0.39903846153846156 0.07692307692307693 0.1875
1 0.22115384615384615 0.27884615384615385 0.0889423076923077 0.22355769230769232
5 0.20432692307692307 0.4254807692307692 0.07692307692307693 0.14423076923076922
3 0.2620192307692308 0.7896634615384616 0.07211538461538461 0.12740384615384615
3 0.3125 0.3233173076923077 0.055288461538461536 0.11778846153846154
3 0.4891826923076923 0.23197115384615385 0.052884615384615384 0.125
3 0.4699519230769231 0.65625 0.06490384615384616 0.13221153846153846
3 0.39903846153846156 0.5252403846153846 0.06490384615384616 0.12259615384615384
3 0.5120192307692307 0.13341346153846154 0.057692307692307696 0.1201923076923077
5 0.4254807692307692 0.056490384615384616 0.0625 0.11298076923076923
0 0.39783653846153844 0.12620192307692307 0.06009615384615385 0.15865384615384615
0 0.6658653846153846 0.515625 0.08653846153846154 0.15625
8 0.6610576923076923 0.28725961538461536 0.0673076923076923 0.14182692307692307
8 0.7908653846153846 0.7776442307692307 0.09134615384615384 0.16346153846153846
11 0.8149038461538461 0.054086538461538464 0.0673076923076923 0.10817307692307693
10 0.6646634615384616 0.10817307692307693 0.07692307692307693 0.18509615384615385
7 0.8605769230769231 0.3701923076923077 0.10096153846153846 0.22596153846153846
6 0.8305288461538461 0.10336538461538461 0.0673076923076923 0.15384615384615385
6 0.65625 0.4014423076923077 0.07211538461538461 0.15625
9 0.5901442307692307 0.05048076923076923 0.055288461538461536 0.10096153846153846
9 0.5901442307692307 0.2091346153846154 0.06009615384615385 0.1201923076923077
9 0.7403846153846154 0.12139423076923077 0.057692307692307696 0.11778846153846154
9 0.7560096153846154 0.29927884615384615 0.06009615384615385 0.125
9 0.7584134615384616 0.40625 0.0673076923076923 0.1201923076923077
9 0.7788461538461539 0.6430288461538461 0.07211538461538461 0.12740384615384615