4 0.5204326923076923 0.4266826923076923 0.07211538461538461 0.18028846153846154
1 0.7752403846153846 0.296875 0.08413461538461539 0.21394230769230768
5 0.7944711538461539 0.43990384615384615 0.07211538461538461 0.13701923076923078
3 0.75 0.7944711538461539 0.0673076923076923 0.12259615384615384
3 0.6875 0.3449519230769231 0.052884615384615384 0.11298076923076923
3 0.5132211538461539 0.26322115384615385 0.05048076923076923 0.1201923076923077
3 0.5444711538461539 0.6742788461538461 0.06009615384615385 0.12740384615384615
3 0.609375 0.5444711538461539 0.06009615384615385 0.11778846153846154
3 0.4891826923076923 0.16947115384615385 0.052884615384615384 0.11538461538461539
5 0.5697115384615384 0.08173076923076923 0.057692307692307696 0.12740384615384615
0 0.5997596153846154 0.15625 0.055288461538461536 0.15144230769230768
0 0.34975961538461536 0.546875 0.08173076923076923 0.14903846153846154
8 0.3485576923076923 0.32572115384615385 0.0625 0.13701923076923078
8 0.23557692307692307 0.8064903846153846 0.08653846153846154 0.15625
11 0.18990384615384615 0.09014423076923077 0.0625 0.13221153846153846
10 0.3401442307692308 0.15144230769230768 0.07211538461538461 0.1778846153846154
7 0.15625 0.41466346153846156 0.09375 0.21875
6 0.1778846153846154 0.15384615384615385 0.06490384615384616 0.14903846153846154
6 0.3545673076923077 0.4362980769230769 0.0673076923076923 0.14903846153846154
9 0.4098557692307692 0.08653846153846154 0.05048076923076923 0.10576923076923077
9 0.41346153846153844 0.24759615384615385 0.055288461538461536 0.11538461538461539
9 0.2668269230769231 0.16706730769230768 0.055288461538461536 0.11298076923076923
9 0.2548076923076923 0.34134615384615385 0.057692307692307696 0.1201923076923077
9 0.2548076923076923 0.44591346153846156 0.0625 0.11538461538461539
9 0.24278846153846154 0.6754807692307693 0.0673076923076923 0.12259615384615384