4 0.47836538461538464 0.39663461538461536 0.07211538461538461 0.18028846153846154
1 0.22235576923076922 0.27884615384615385 0.08173076923076923 0.21634615384615385
5 0.20432692307692307 0.421875 0.07211538461538461 0.13942307692307693
3 0.2512019230769231 0.7752403846153846 0.0673076923076923 0.12259615384615384
3 0.3112980769230769 0.3233173076923077 0.052884615384615384 0.11298076923076923
3 0.484375 0.234375 0.05048076923076923 0.12259615384615384
3 0.45552884615384615 0.6478365384615384 0.06009615384615385 0.12740384615384615
3 0.390625 0.5192307692307693 0.06009615384615385 0.1201923076923077
3 0.5084134615384616 0.13942307692307693 0.052884615384615384 0.11538461538461539
5 0.4266826923076923 0.05889423076923077 0.057692307692307696 0.11778846153846154
0 0.39783653846153844 0.1310096153846154 0.052884615384615384 0.15384615384615385
0 0.6502403846153846 0.5120192307692307 0.08173076923076923 0.15144230769230768
8 0.6502403846153846 0.28966346153846156 0.0625 0.13942307692307693
8 0.765625 0.765625 0.08653846153846154 0.15865384615384615
11 0.8064903846153846 0.056490384615384616 0.0625 0.11298076923076923
10 0.6574519230769231 0.11538461538461539 0.06971153846153846 0.1778846153846154
7 0.8425480769230769 0.37259615384615385 0.09134615384615384 0.22115384615384615
6 0.8197115384615384 0.11057692307692307 0.06490384615384616 0.14903846153846154
6 0.6442307692307693 0.40024038461538464 0.0673076923076923 0.15144230769230768
9 0.5865384615384616 0.054086538461538464 0.05048076923076923 0.10817307692307693
9 0.5841346153846154 0.21394230769230768 0.055288461538461536 0.11538461538461539
9 0.7307692307692307 0.12860576923076922 0.055288461538461536 0.11538461538461539
9 0.7439903846153846 0.30288461538461536 0.057692307692307696 0.1201923076923077
9 0.7439903846153846 0.40625 0.0625 0.11538461538461539
9 0.7572115384615384 0.6358173076923077 0.0673076923076923 0.125