4 0.5144230769230769 0.39903846153846156 0.07692307692307693 0.1875
1 0.7788461538461539 0.27884615384615385 0.0889423076923077 0.22355769230769232
5 0.7956730769230769 0.4254807692307692 0.07692307692307693 0.14423076923076922
3 0.7379807692307693 0.7896634615384616 0.07211538461538461 0.12740384615384615
3 0.6875 0.3233173076923077 0.055288461538461536 0.11778846153846154
3 0.5108173076923077 0.23197115384615385 0.052884615384615384 0.125
3 0.5300480769230769 0.65625 0.06490384615384616 0.13221153846153846
3 0.6009615384615384 0.5252403846153846 0.06490384615384616 0.12259615384615384
3 0.4879807692307692 0.13341346153846154 0.057692307692307696 0.1201923076923077
5 0.5745192307692307 0.056490384615384616 0.0625 0.11298076923076923
0 0.6021634615384616 0.12620192307692307 0.06009615384615385 0.15865384615384615
0 0.33413461538461536 0.515625 0.08653846153846154 0.15625
8 0.3389423076923077 0.28725961538461536 0.0673076923076923 0.14182692307692307
8 0.2091346153846154 0.7776442307692307 0.09134615384615384 0.16346153846153846
11 0.18509615384615385 0.054086538461538464 0.0673076923076923 0.10817307692307693
10 0.33533653846153844 0.10817307692307693 0.07692307692307693 0.18509615384615385
7 0.13942307692307693 0.3701923076923077 0.10096153846153846 0.22596153846153846
6 0.16947115384615385 0.10336538461538461 0.0673076923076923 0.15384615384615385
6 0.34375 0.4014423076923077 0.07211538461538461 0.15625
9 0.4098557692307692 0.05048076923076923 0.055288461538461536 0.10096153846153846
9 0.4098557692307692 0.2091346153846154 0.06009615384615385 0.1201923076923077
9 0.25961538461538464 0.12139423076923077 0.057692307692307696 0.11778846153846154
9 0.2439903846153846 0.29927884615384615 0.06009615384615385 0.125
9 0.24158653846153846 0.40625 0.0673076923076923 0.1201923076923077
9 0.22115384615384615 0.6430288461538461 0.07211538461538461 0.12740384615384615