11 0.8076923076923077 0.0889423076923077 0.06490384615384616 0.13221153846153846
7 0.8365384615384616 0.3173076923076923 0.09375 0.21394230769230768
6 0.8197115384615384 0.1502403846153846 0.06490384615384616 0.15384615384615385
10 0.6502403846153846 0.1466346153846154 0.07692307692307693 0.19471153846153846
8 0.7560096153846154 0.8257211538461539 0.09375 0.1658653846153846
9 0.7283653846153846 0.16947115384615385 0.055288461538461536 0.11778846153846154
9 0.7391826923076923 0.34975961538461536 0.055288461538461536 0.11538461538461539
9 0.7367788461538461 0.4567307692307692 0.0625 0.1201923076923077
9 0.6322115384615384 0.5865384615384616 0.06490384615384616 0.11778846153846154
1 0.20072115384615385 0.30649038461538464 0.09615384615384616 0.21634615384615385
0 0.38461538461538464 0.15985576923076922 0.06009615384615385 0.16105769230769232
5 0.41466346153846156 0.07572115384615384 0.06009615384615385 0.14182692307692307
5 0.4735576923076923 0.35336538461538464 0.0673076923076923 0.14182692307692307
2 0.7463942307692307 0.671875 0.08173076923076923 0.17548076923076922
2 0.6418269230769231 0.4543269230769231 0.07211538461538461 0.16105769230769232
3 0.5697115384615384 0.18629807692307693 0.055288461538461536 0.11538461538461539
3 0.28966346153846156 0.35216346153846156 0.05048076923076923 0.1201923076923077
3 0.453125 0.8425480769230769 0.0625 0.125
3 0.4326923076923077 0.6947115384615384 0.06009615384615385 0.12259615384615384
3 0.36778846153846156 0.5600961538461539 0.06009615384615385 0.125