11 0.8209134615384616 0.10697115384615384 0.0625 0.12980769230769232
7 0.8521634615384616 0.3317307692307692 0.09134615384615384 0.21153846153846154
6 0.8341346153846154 0.16706730769230768 0.0625 0.15144230769230768
10 0.6670673076923077 0.15985576923076922 0.07451923076923077 0.19230769230769232
8 0.7752403846153846 0.8305288461538461 0.09134615384615384 0.1658653846153846
9 0.7427884615384616 0.18389423076923078 0.055288461538461536 0.11778846153846154
9 0.7572115384615384 0.36177884615384615 0.055288461538461536 0.11538461538461539
9 0.7548076923076923 0.4651442307692308 0.06009615384615385 0.1201923076923077
9 0.6514423076923077 0.5925480769230769 0.0625 0.11778846153846154
1 0.2247596153846154 0.30649038461538464 0.09375 0.21634615384615385
0 0.40625 0.1658653846153846 0.057692307692307696 0.15865384615384615
5 0.43509615384615385 0.08533653846153846 0.057692307692307696 0.14182692307692307
5 0.49399038461538464 0.3605769230769231 0.06490384615384616 0.14182692307692307
2 0.765625 0.6790865384615384 0.07692307692307693 0.17307692307692307
2 0.6610576923076923 0.46274038461538464 0.06971153846153846 0.15865384615384615
3 0.5889423076923077 0.19591346153846154 0.055288461538461536 0.11298076923076923
3 0.3137019230769231 0.3545673076923077 0.05048076923076923 0.11778846153846154
3 0.47716346153846156 0.8401442307692307 0.0625 0.125
3 0.4567307692307692 0.6935096153846154 0.06009615384615385 0.1201923076923077
3 0.3918269230769231 0.5612980769230769 0.06009615384615385 0.125