4 0.6009615384615384 0.2932692307692308 0.08413461538461539 0.1875
2 0.4411057692307692 0.4074519230769231 0.07932692307692307 0.1466346153846154
6 0.4423076923076923 0.6165865384615384 0.07692307692307693 0.15625
10 0.35216346153846156 0.2956730769230769 0.07451923076923077 0.18269230769230768
8 0.15865384615384615 0.6141826923076923 0.08413461538461539 0.17067307692307693
7 0.25600961538461536 0.3786057692307692 0.08653846153846154 0.20432692307692307
11 0.18389423076923078 0.0625 0.06971153846153846 0.10576923076923077
11 0.2536057692307692 0.765625 0.0889423076923077 0.1466346153846154
9 0.25600961538461536 0.6310096153846154 0.0673076923076923 0.11298076923076923
9 0.2704326923076923 0.21995192307692307 0.0625 0.11057692307692307
9 0.2644230769230769 0.06009615384615385 0.0625 0.10336538461538461
9 0.43149038461538464 0.3088942307692308 0.05048076923076923 0.10576923076923077
9 0.45552884615384615 0.7572115384615384 0.06971153846153846 0.12259615384615384
3 0.5072115384615384 0.0625 0.06009615384615385 0.10817307692307693
3 0.6778846153846154 0.23076923076923078 0.06009615384615385 0.11298076923076923
3 0.6586538461538461 0.140625 0.057692307692307696 0.10817307692307693
3 0.5132211538461539 0.30528846153846156 0.06009615384615385 0.11057692307692307
3 0.6274038461538461 0.5168269230769231 0.06490384615384616 0.12259615384615384
3 0.7043269230769231 0.4110576923076923 0.057692307692307696 0.11778846153846154
1 0.7992788461538461 0.3713942307692308 0.09134615384615384 0.21394230769230768
5 0.859375 0.7524038461538461 0.09134615384615384 0.14903846153846154