5 0.11538461538461539 0.7487980769230769 0.08173076923076923 0.14182692307692307
11 0.31971153846153844 0.7295673076923077 0.06971153846153846 0.14423076923076922
1 0.234375 0.6009615384615384 0.0889423076923077 0.20192307692307693
4 0.36177884615384615 0.28725961538461536 0.0673076923076923 0.18028846153846154
3 0.2608173076923077 0.40384615384615385 0.057692307692307696 0.11778846153846154
3 0.28125 0.22355769230769232 0.05048076923076923 0.11298076923076923
3 0.33774038461538464 0.5060096153846154 0.05048076923076923 0.11298076923076923
2 0.5264423076923077 0.3870192307692308 0.0673076923076923 0.14182692307692307
3 0.44711538461538464 0.2920673076923077 0.04567307692307692 0.10576923076923077
8 0.453125 0.1201923076923077 0.057692307692307696 0.13942307692307693
8 0.5192307692307693 0.7355769230769231 0.06971153846153846 0.15865384615384615
6 0.5276442307692307 0.6021634615384616 0.057692307692307696 0.1466346153846154
10 0.6057692307692307 0.2800480769230769 0.06009615384615385 0.18269230769230768
7 0.7019230769230769 0.3581730769230769 0.07211538461538461 0.21153846153846154
11 0.7608173076923077 0.046875 0.05048076923076923 0.09375
9 0.5288461538461539 0.2932692307692308 0.05048076923076923 0.10576923076923077
9 0.6850961538461539 0.04567307692307692 0.052884615384615384 0.09134615384615384
9 0.6826923076923077 0.20192307692307693 0.05048076923076923 0.11057692307692307
9 0.7115384615384616 0.6105769230769231 0.0625 0.11538461538461539