5 0.8774038461538461 0.7415865384615384 0.08173076923076923 0.13942307692307693
11 0.6754807692307693 0.7235576923076923 0.07211538461538461 0.14182692307692307
1 0.7572115384615384 0.5973557692307693 0.09134615384615384 0.19951923076923078
4 0.6262019230769231 0.28966346153846156 0.06971153846153846 0.17548076923076922
3 0.7271634615384616 0.40384615384615385 0.06009615384615385 0.11538461538461539
3 0.703125 0.22596153846153846 0.052884615384615384 0.11057692307692307
3 0.6550480769230769 0.5024038461538461 0.05048076923076923 0.11057692307692307
2 0.46634615384615385 0.3870192307692308 0.06971153846153846 0.13701923076923078
3 0.5420673076923077 0.29447115384615385 0.04807692307692308 0.10336538461538461
8 0.5324519230769231 0.12620192307692307 0.06009615384615385 0.13701923076923078
8 0.48197115384615385 0.7295673076923077 0.07211538461538461 0.15384615384615385
6 0.4699519230769231 0.5973557692307693 0.06009615384615385 0.14423076923076922
10 0.3870192307692308 0.2824519230769231 0.06490384615384616 0.18028846153846154
7 0.2932692307692308 0.359375 0.07451923076923077 0.20673076923076922
11 0.2283653846153846 0.054086538461538464 0.052884615384615384 0.09134615384615384
9 0.46274038461538464 0.29447115384615385 0.05048076923076923 0.10336538461538461
9 0.30408653846153844 0.052884615384615384 0.055288461538461536 0.0889423076923077
9 0.3088942307692308 0.20552884615384615 0.052884615384615384 0.10817307692307693
9 0.28966346153846156 0.6057692307692307 0.06490384615384616 0.11298076923076923