10 0.8052884615384616 0.27163461538461536 0.07211538461538461 0.17307692307692307
7 0.8209134615384616 0.36177884615384615 0.07451923076923077 0.19471153846153846
8 0.6298076923076923 0.18990384615384615 0.0625 0.13942307692307693
8 0.8197115384615384 0.5985576923076923 0.07211538461538461 0.14423076923076922
11 0.7259615384615384 0.7367788461538461 0.0673076923076923 0.13701923076923078
11 0.7920673076923077 0.051682692307692304 0.057692307692307696 0.10336538461538461
6 0.8293269230769231 0.4855769230769231 0.06490384615384616 0.14182692307692307
6 0.6370192307692307 0.04927884615384615 0.052884615384615384 0.0985576923076923
9 0.5552884615384616 0.28966346153846156 0.04326923076923077 0.09375
9 0.5673076923076923 0.13221153846153846 0.040865384615384616 0.09615384615384616
9 0.7139423076923077 0.051682692307692304 0.04567307692307692 0.09615384615384616
9 0.7139423076923077 0.21754807692307693 0.04567307692307692 0.0985576923076923
9 0.7151442307692307 0.40625 0.055288461538461536 0.10096153846153846
9 0.7223557692307693 0.5084134615384616 0.05048076923076923 0.10576923076923077
9 0.71875 0.6105769230769231 0.052884615384615384 0.11057692307692307
9 0.53125 0.7259615384615384 0.055288461538461536 0.11057692307692307
2 0.40625 0.11778846153846154 0.04807692307692308 0.1346153846153846
2 0.5480769230769231 0.38461538461538464 0.0625 0.14182692307692307
4 0.203125 0.27163461538461536 0.0673076923076923 0.14903846153846154
1 0.19831730769230768 0.35096153846153844 0.07932692307692307 0.1875
5 0.4098557692307692 0.054086538461538464 0.04807692307692308 0.10817307692307693
5 0.13581730769230768 0.7211538461538461 0.07451923076923077 0.13221153846153846
0 0.2403846153846154 0.19230769230769232 0.04567307692307692 0.1346153846153846
0 0.27163461538461536 0.5997596153846154 0.0625 0.14182692307692307
3 0.2776442307692308 0.4951923076923077 0.057692307692307696 0.0985576923076923
3 0.29086538461538464 0.390625 0.052884615384615384 0.10576923076923077
3 0.3641826923076923 0.6069711538461539 0.055288461538461536 0.10576923076923077
3 0.33533653846153844 0.7307692307692307 0.055288461538461536 0.10817307692307693
3 0.31850961538461536 0.21394230769230768 0.04807692307692308 0.09615384615384616
3 0.33052884615384615 0.13221153846153846 0.04326923076923077 0.10096153846153846
3 0.47836538461538464 0.055288461538461536 0.04326923076923077 0.09615384615384616
3 0.47475961538461536 0.29086538461538464 0.04326923076923077 0.10336538461538461