10 0.19471153846153846 0.2668269230769231 0.07451923076923077 0.17548076923076922
7 0.17908653846153846 0.3581730769230769 0.07692307692307693 0.1971153846153846
8 0.3737980769230769 0.18389423076923078 0.0625 0.14182692307692307
8 0.18028846153846154 0.5985576923076923 0.07211538461538461 0.1466346153846154
11 0.27524038461538464 0.7427884615384616 0.0673076923076923 0.13701923076923078
11 0.20793269230769232 0.04807692307692308 0.06009615384615385 0.09615384615384616
6 0.16947115384615385 0.4831730769230769 0.0673076923076923 0.14182692307692307
6 0.36658653846153844 0.04567307692307692 0.055288461538461536 0.09134615384615384
9 0.4495192307692308 0.28725961538461536 0.04326923076923077 0.09615384615384616
9 0.4375 0.12740384615384615 0.040865384615384616 0.0985576923076923
9 0.28846153846153844 0.04807692307692308 0.04807692307692308 0.09615384615384616
9 0.28725961538461536 0.21153846153846154 0.04807692307692308 0.10096153846153846
9 0.28725961538461536 0.40384615384615385 0.057692307692307696 0.10096153846153846
9 0.27884615384615385 0.5084134615384616 0.05048076923076923 0.10817307692307693
9 0.2824519230769231 0.6129807692307693 0.052884615384615384 0.11298076923076923
9 0.4735576923076923 0.734375 0.057692307692307696 0.11057692307692307
2 0.6021634615384616 0.1141826923076923 0.04807692307692308 0.13701923076923078
2 0.4567307692307692 0.3858173076923077 0.06490384615384616 0.14423076923076922
4 0.8088942307692307 0.27283653846153844 0.06971153846153846 0.15144230769230768
1 0.8137019230769231 0.35336538461538464 0.08173076923076923 0.18990384615384615
5 0.5973557692307693 0.051682692307692304 0.05048076923076923 0.10336538461538461
5 0.8774038461538461 0.7319711538461539 0.07692307692307693 0.1346153846153846
0 0.7704326923076923 0.1935096153846154 0.04807692307692308 0.13701923076923078
0 0.7391826923076923 0.6081730769230769 0.0625 0.14182692307692307
3 0.7331730769230769 0.5012019230769231 0.057692307692307696 0.0985576923076923
3 0.7199519230769231 0.39302884615384615 0.055288461538461536 0.10817307692307693
3 0.6442307692307693 0.6141826923076923 0.055288461538461536 0.10576923076923077
3 0.6730769230769231 0.7403846153846154 0.055288461538461536 0.10817307692307693
3 0.6899038461538461 0.21394230769230768 0.05048076923076923 0.0985576923076923
3 0.6778846153846154 0.12980769230769232 0.04326923076923077 0.10096153846153846
3 0.5276442307692307 0.04927884615384615 0.04326923076923077 0.0985576923076923
3 0.53125 0.29086538461538464 0.04567307692307692 0.10576923076923077