1 0.203125 0.2860576923076923 0.08653846153846154 0.21875
0 0.38461538461538464 0.12740384615384615 0.057692307692307696 0.16346153846153846
0 0.6418269230769231 0.53125 0.07211538461538461 0.16105769230769232
2 0.38822115384615385 0.32091346153846156 0.06490384615384616 0.16105769230769232
2 0.5564903846153846 0.7908653846153846 0.0889423076923077 0.17548076923076922
5 0.4110576923076923 0.06610576923076923 0.06009615384615385 0.10817307692307693
5 0.46875 0.42427884615384615 0.07211538461538461 0.14903846153846154
3 0.23918269230769232 0.7992788461538461 0.07451923076923077 0.13942307692307693
3 0.2956730769230769 0.3269230769230769 0.06009615384615385 0.1201923076923077
3 0.4987980769230769 0.14543269230769232 0.052884615384615384 0.11538461538461539
3 0.5745192307692307 0.1502403846153846 0.0625 0.11778846153846154
3 0.3762019230769231 0.5372596153846154 0.0625 0.125
3 0.44711538461538464 0.6694711538461539 0.06971153846153846 0.1346153846153846
7 0.8521634615384616 0.38461538461538464 0.09134615384615384 0.22596153846153846
8 0.7788461538461539 0.7908653846153846 0.08173076923076923 0.17307692307692307
10 0.6538461538461539 0.11298076923076923 0.0673076923076923 0.19230769230769232
11 0.8076923076923077 0.057692307692307696 0.0673076923076923 0.10817307692307693
6 0.6466346153846154 0.40625 0.06971153846153846 0.15865384615384615
6 0.8221153846153846 0.11057692307692307 0.0625 0.15865384615384615
9 0.5817307692307693 0.056490384615384616 0.057692307692307696 0.09615384615384616
9 0.7307692307692307 0.13341346153846154 0.055288461538461536 0.11538461538461539
9 0.75 0.3112980769230769 0.057692307692307696 0.11778846153846154
9 0.7487980769230769 0.41947115384615385 0.06490384615384616 0.1201923076923077
9 0.7620192307692307 0.6634615384615384 0.07211538461538461 0.12980769230769232