1 0.23317307692307693 0.29927884615384615 0.08173076923076923 0.20432692307692307
0 0.4026442307692308 0.15384615384615385 0.057692307692307696 0.15144230769230768
0 0.6490384615384616 0.5396634615384616 0.06971153846153846 0.15144230769230768
2 0.40865384615384615 0.33533653846153844 0.0625 0.15144230769230768
2 0.5685096153846154 0.78125 0.08413461538461539 0.16346153846153846
5 0.42788461538461536 0.08173076923076923 0.055288461538461536 0.12980769230769232
5 0.484375 0.4362980769230769 0.06971153846153846 0.13942307692307693
3 0.2692307692307692 0.7860576923076923 0.07211538461538461 0.12980769230769232
3 0.32091346153846156 0.3401442307692308 0.055288461538461536 0.11298076923076923
3 0.5120192307692307 0.17307692307692307 0.04807692307692308 0.11057692307692307
3 0.5829326923076923 0.1778846153846154 0.057692307692307696 0.11057692307692307
3 0.39783653846153844 0.5396634615384616 0.057692307692307696 0.11778846153846154
3 0.46634615384615385 0.6658653846153846 0.06490384615384616 0.125
7 0.8461538461538461 0.40384615384615385 0.08653846153846154 0.21153846153846154
8 0.7788461538461539 0.7860576923076923 0.07932692307692307 0.16346153846153846
10 0.6574519230769231 0.14423076923076922 0.06490384615384616 0.18028846153846154
11 0.8016826923076923 0.08052884615384616 0.0625 0.12740384615384615
6 0.6514423076923077 0.421875 0.0673076923076923 0.14903846153846154
6 0.8161057692307693 0.14543269230769232 0.06009615384615385 0.14903846153846154
9 0.5889423076923077 0.08052884615384616 0.055288461538461536 0.10576923076923077
9 0.7295673076923077 0.16466346153846154 0.052884615384615384 0.10817307692307693
9 0.7487980769230769 0.3329326923076923 0.055288461538461536 0.11057692307692307
9 0.7475961538461539 0.43509615384615385 0.0625 0.11298076923076923
9 0.7632211538461539 0.6646634615384616 0.06971153846153846 0.12259615384615384