10 0.34134615384615385 0.13942307692307693 0.07211538461538461 0.18509615384615385
7 0.15504807692307693 0.30528846153846156 0.08413461538461539 0.2091346153846154
8 0.44471153846153844 0.6550480769230769 0.06971153846153846 0.16826923076923078
5 0.2644230769230769 0.06370192307692307 0.06490384615384616 0.125
11 0.4230769230769231 0.15504807692307693 0.06009615384615385 0.13701923076923078
6 0.4362980769230769 0.43509615384615385 0.0625 0.15865384615384615
9 0.26802884615384615 0.16466346153846154 0.05048076923076923 0.11538461538461539
9 0.25240384615384615 0.3389423076923077 0.06009615384615385 0.11538461538461539
9 0.3449519230769231 0.3293269230769231 0.057692307692307696 0.12259615384615384
9 0.3485576923076923 0.5673076923076923 0.0625 0.125
2 0.23076923076923078 0.6538461538461539 0.07451923076923077 0.1658653846153846
0 0.5072115384615384 0.23076923076923078 0.057692307692307696 0.15384615384615385
1 0.7776442307692307 0.29927884615384615 0.09134615384615384 0.21634615384615385
3 0.6875 0.3449519230769231 0.057692307692307696 0.11057692307692307
3 0.6069711538461539 0.5408653846153846 0.055288461538461536 0.12740384615384615
3 0.5360576923076923 0.6730769230769231 0.06490384615384616 0.12259615384615384