1 0.22956730769230768 0.30408653846153844 0.0889423076923077 0.19951923076923078
2 0.3545673076923077 0.7680288461538461 0.07692307692307693 0.15625
5 0.3389423076923077 0.17067307692307693 0.06490384615384616 0.13221153846153846
3 0.3004807692307692 0.5408653846153846 0.055288461538461536 0.1201923076923077
3 0.4807692307692308 0.34975961538461536 0.05048076923076923 0.11298076923076923
0 0.4639423076923077 0.5408653846153846 0.06490384615384616 0.15144230769230768
0 0.6466346153846154 0.15384615384615385 0.06009615384615385 0.14182692307692307
7 0.8245192307692307 0.3954326923076923 0.08173076923076923 0.21153846153846154
8 0.8040865384615384 0.1502403846153846 0.07211538461538461 0.15865384615384615
6 0.4987980769230769 0.07451923076923077 0.06009615384615385 0.14423076923076922
6 0.6454326923076923 0.3269230769230769 0.0673076923076923 0.15144230769230768
9 0.6586538461538461 0.5516826923076923 0.057692307692307696 0.1201923076923077