4 0.38341346153846156 0.28725961538461536 0.06009615384615385 0.18990384615384615
5 0.14783653846153846 0.7355769230769231 0.07932692307692307 0.14423076923076922
1 0.2620192307692308 0.5961538461538461 0.08653846153846154 0.22115384615384615
3 0.3016826923076923 0.22355769230769232 0.055288461538461536 0.10576923076923077
3 0.3629807692307692 0.5024038461538461 0.0625 0.10576923076923077
3 0.46274038461538464 0.2980769230769231 0.05048076923076923 0.11057692307692307
2 0.5384615384615384 0.390625 0.055288461538461536 0.14182692307692307
8 0.46875 0.12740384615384615 0.0625 0.14903846153846154
7 0.7115384615384616 0.36177884615384615 0.07451923076923077 0.20673076923076922
10 0.6189903846153846 0.28365384615384615 0.0673076923076923 0.18990384615384615
9 0.5444711538461539 0.29447115384615385 0.04567307692307692 0.10817307692307693
9 0.7211538461538461 0.5997596153846154 0.0625 0.11778846153846154
9 0.6935096153846154 0.20192307692307693 0.052884615384615384 0.11057692307692307
9 0.6971153846153846 0.051682692307692304 0.0625 0.10336538461538461
11 0.7920673076923077 0.19591346153846154 0.06490384615384616 0.12740384615384615
11 0.3449519230769231 0.7223557692307693 0.06971153846153846 0.1346153846153846