4 0.6165865384615384 0.28725961538461536 0.06009615384615385 0.18990384615384615
5 0.8521634615384616 0.7355769230769231 0.07932692307692307 0.14423076923076922
1 0.7379807692307693 0.5961538461538461 0.08653846153846154 0.22115384615384615
3 0.6983173076923077 0.22355769230769232 0.055288461538461536 0.10576923076923077
3 0.6370192307692307 0.5024038461538461 0.0625 0.10576923076923077
3 0.5372596153846154 0.2980769230769231 0.05048076923076923 0.11057692307692307
2 0.46153846153846156 0.390625 0.055288461538461536 0.14182692307692307
8 0.53125 0.12740384615384615 0.0625 0.14903846153846154
7 0.28846153846153844 0.36177884615384615 0.07451923076923077 0.20673076923076922
10 0.38100961538461536 0.28365384615384615 0.0673076923076923 0.18990384615384615
9 0.45552884615384615 0.29447115384615385 0.04567307692307692 0.10817307692307693
9 0.27884615384615385 0.5997596153846154 0.0625 0.11778846153846154
9 0.30649038461538464 0.20192307692307693 0.052884615384615384 0.11057692307692307
9 0.30288461538461536 0.051682692307692304 0.0625 0.10336538461538461
11 0.20793269230769232 0.19591346153846154 0.06490384615384616 0.12740384615384615
11 0.6550480769230769 0.7223557692307693 0.06971153846153846 0.1346153846153846