5 0.13581730769230768 0.734375 0.08173076923076923 0.14423076923076922
1 0.17427884615384615 0.4795673076923077 0.0985576923076923 0.21394230769230768
4 0.3894230769230769 0.2824519230769231 0.0673076923076923 0.18269230769230768
8 0.4879807692307692 0.12259615384615384 0.06971153846153846 0.13701923076923078
3 0.47115384615384615 0.05048076923076923 0.05048076923076923 0.10096153846153846
3 0.28725961538461536 0.39783653846153844 0.057692307692307696 0.1201923076923077
3 0.3112980769230769 0.21394230769230768 0.06009615384615385 0.10817307692307693
3 0.4735576923076923 0.2956730769230769 0.052884615384615384 0.11057692307692307
3 0.3581730769230769 0.5012019230769231 0.06009615384615385 0.11778846153846154
2 0.5516826923076923 0.3918269230769231 0.06490384615384616 0.14423076923076922
8 0.8389423076923077 0.6105769230769231 0.07932692307692307 0.15384615384615385
10 0.6346153846153846 0.28725961538461536 0.06971153846153846 0.17548076923076922
7 0.7295673076923077 0.36778846153846156 0.08173076923076923 0.20673076923076922
9 0.7331730769230769 0.625 0.0625 0.11778846153846154
11 0.7415865384615384 0.7584134615384616 0.07451923076923077 0.14423076923076922
11 0.7992788461538461 0.05048076923076923 0.06490384615384616 0.10096153846153846
9 0.7175480769230769 0.051682692307692304 0.06009615384615385 0.10336538461538461
9 0.5564903846153846 0.29927884615384615 0.06009615384615385 0.11057692307692307
9 0.7127403846153846 0.21514423076923078 0.05048076923076923 0.11778846153846154
6 0.5516826923076923 0.6045673076923077 0.07211538461538461 0.15625
9 0.5408653846153846 0.7463942307692307 0.0625 0.12259615384615384