5 0.8185096153846154 0.7235576923076923 0.08413461538461539 0.14423076923076922
1 0.7956730769230769 0.47475961538461536 0.08653846153846154 0.20673076923076922
3 0.5180288461538461 0.057692307692307696 0.04807692307692308 0.10817307692307693
2 0.4266826923076923 0.3894230769230769 0.07211538461538461 0.14182692307692307
7 0.2536057692307692 0.36899038461538464 0.08173076923076923 0.20673076923076922
10 0.34975961538461536 0.2860576923076923 0.07211538461538461 0.18990384615384615
4 0.5889423076923077 0.2824519230769231 0.07211538461538461 0.1778846153846154
3 0.6598557692307693 0.13221153846153846 0.052884615384615384 0.11057692307692307
3 0.6670673076923077 0.2127403846153846 0.052884615384615384 0.11057692307692307
3 0.6862980769230769 0.3954326923076923 0.055288461538461536 0.10817307692307693
3 0.609375 0.4987980769230769 0.06490384615384616 0.1201923076923077
3 0.5060096153846154 0.29086538461538464 0.057692307692307696 0.11778846153846154
8 0.5012019230769231 0.125 0.06971153846153846 0.15144230769230768
8 0.14182692307692307 0.6021634615384616 0.07932692307692307 0.15384615384615385
11 0.23197115384615385 0.7451923076923077 0.0889423076923077 0.14903846153846154
11 0.20072115384615385 0.055288461538461536 0.06490384615384616 0.11057692307692307
6 0.4182692307692308 0.5961538461538461 0.07211538461538461 0.14903846153846154
9 0.4266826923076923 0.2956730769230769 0.057692307692307696 0.10096153846153846
9 0.2800480769230769 0.05048076923076923 0.052884615384615384 0.0985576923076923
9 0.27524038461538464 0.21153846153846154 0.055288461538461536 0.11778846153846154
9 0.2403846153846154 0.6141826923076923 0.06490384615384616 0.11778846153846154
9 0.4266826923076923 0.734375 0.0625 0.11538461538461539