5 0.1814903846153846 0.7235576923076923 0.08413461538461539 0.14423076923076922
1 0.20432692307692307 0.47475961538461536 0.08653846153846154 0.20673076923076922
3 0.48197115384615385 0.057692307692307696 0.04807692307692308 0.10817307692307693
2 0.5733173076923077 0.3894230769230769 0.07211538461538461 0.14182692307692307
7 0.7463942307692307 0.36899038461538464 0.08173076923076923 0.20673076923076922
10 0.6502403846153846 0.2860576923076923 0.07211538461538461 0.18990384615384615
4 0.4110576923076923 0.2824519230769231 0.07211538461538461 0.1778846153846154
3 0.3401442307692308 0.13221153846153846 0.052884615384615384 0.11057692307692307
3 0.3329326923076923 0.2127403846153846 0.052884615384615384 0.11057692307692307
3 0.3137019230769231 0.3954326923076923 0.055288461538461536 0.10817307692307693
3 0.390625 0.4987980769230769 0.06490384615384616 0.1201923076923077
3 0.49399038461538464 0.29086538461538464 0.057692307692307696 0.11778846153846154
8 0.4987980769230769 0.125 0.06971153846153846 0.15144230769230768
8 0.8581730769230769 0.6021634615384616 0.07932692307692307 0.15384615384615385
11 0.7680288461538461 0.7451923076923077 0.0889423076923077 0.14903846153846154
11 0.7992788461538461 0.055288461538461536 0.06490384615384616 0.11057692307692307
6 0.5817307692307693 0.5961538461538461 0.07211538461538461 0.14903846153846154
9 0.5733173076923077 0.2956730769230769 0.057692307692307696 0.10096153846153846
9 0.7199519230769231 0.05048076923076923 0.052884615384615384 0.0985576923076923
9 0.7247596153846154 0.21153846153846154 0.055288461538461536 0.11778846153846154
9 0.7596153846153846 0.6141826923076923 0.06490384615384616 0.11778846153846154
9 0.5733173076923077 0.734375 0.0625 0.11538461538461539