11 0.5649038461538461 0.3401442307692308 0.057692307692307696 0.13701923076923078
6 0.5600961538461539 0.43149038461538464 0.057692307692307696 0.14903846153846154
8 0.546875 0.6466346153846154 0.0625 0.16105769230769232
10 0.6550480769230769 0.14783653846153846 0.07451923076923077 0.18990384615384615
7 0.8341346153846154 0.30288461538461536 0.08653846153846154 0.21634615384615385
5 0.7283653846153846 0.07091346153846154 0.057692307692307696 0.12259615384615384
2 0.7548076923076923 0.6442307692307693 0.07932692307692307 0.16826923076923078
9 0.7247596153846154 0.1658653846153846 0.055288461538461536 0.11298076923076923
9 0.7403846153846154 0.33774038461538464 0.06009615384615385 0.11298076923076923
9 0.6454326923076923 0.5612980769230769 0.06009615384615385 0.11778846153846154
1 0.2283653846153846 0.296875 0.0889423076923077 0.20673076923076922
3 0.3173076923076923 0.34134615384615385 0.05048076923076923 0.10817307692307693
3 0.3954326923076923 0.5360576923076923 0.06009615384615385 0.12259615384615384
3 0.4579326923076923 0.6670673076923077 0.0625 0.12740384615384615