5 0.14182692307692307 0.7415865384615384 0.07451923076923077 0.13942307692307693
1 0.25721153846153844 0.5913461538461539 0.09134615384615384 0.21875
4 0.37740384615384615 0.27884615384615385 0.07211538461538461 0.17548076923076922
3 0.2920673076923077 0.2127403846153846 0.04807692307692308 0.10817307692307693
3 0.35336538461538464 0.49759615384615385 0.052884615384615384 0.11778846153846154
3 0.46033653846153844 0.28725961538461536 0.052884615384615384 0.11057692307692307
2 0.5396634615384616 0.38100961538461536 0.07692307692307693 0.1466346153846154
10 0.6189903846153846 0.27403846153846156 0.06971153846153846 0.18990384615384615
7 0.7127403846153846 0.3449519230769231 0.07451923076923077 0.21153846153846154
9 0.5432692307692307 0.2848557692307692 0.06009615384615385 0.11298076923076923
9 0.6105769230769231 0.12139423076923077 0.055288461538461536 0.11057692307692307
9 0.6923076923076923 0.04447115384615385 0.052884615384615384 0.0889423076923077
9 0.7283653846153846 0.5973557692307693 0.0673076923076923 0.12740384615384615
11 0.7920673076923077 0.18629807692307693 0.0673076923076923 0.13221153846153846
11 0.3389423076923077 0.7223557692307693 0.07692307692307693 0.15865384615384615