1 0.796875 0.25721153846153844 0.0889423076923077 0.21875
0 0.6141826923076923 0.11298076923076923 0.06009615384615385 0.15384615384615385
5 0.5913461538461539 0.05048076923076923 0.0673076923076923 0.10096153846153846
5 0.5300480769230769 0.20552884615384615 0.06971153846153846 0.13221153846153846
2 0.4483173076923077 0.21394230769230768 0.0625 0.14182692307692307
3 0.42788461538461536 0.14423076923076922 0.057692307692307696 0.11298076923076923
3 0.7079326923076923 0.30408653846153844 0.055288461538461536 0.11538461538461539
3 0.6213942307692307 0.5192307692307693 0.057692307692307696 0.125
3 0.7608173076923077 0.7704326923076923 0.0673076923076923 0.12740384615384615
3 0.5516826923076923 0.6526442307692307 0.0673076923076923 0.1346153846153846
2 0.44471153846153844 0.7764423076923077 0.07932692307692307 0.1778846153846154
7 0.14903846153846154 0.3918269230769231 0.09375 0.22115384615384615
11 0.19230769230769232 0.05889423076923077 0.07211538461538461 0.11778846153846154
8 0.22596153846153846 0.7920673076923077 0.0889423076923077 0.17548076923076922
10 0.34615384615384615 0.11057692307692307 0.07211538461538461 0.19471153846153846
6 0.17908653846153846 0.11778846153846154 0.0625 0.15144230769230768
6 0.35697115384615385 0.4050480769230769 0.06490384615384616 0.15625
9 0.5180288461538461 0.11658653846153846 0.057692307692307696 0.11778846153846154
9 0.27283653846153844 0.13221153846153846 0.0625 0.12259615384615384
9 0.2548076923076923 0.3125 0.057692307692307696 0.11778846153846154
9 0.2512019230769231 0.4182692307692308 0.0673076923076923 0.1201923076923077
9 0.35697115384615385 0.546875 0.0673076923076923 0.12980769230769232