1 0.171875 0.28725961538461536 0.09134615384615384 0.21875
0 0.3629807692307692 0.13221153846153846 0.0625 0.15384615384615385
5 0.3870192307692308 0.05889423076923077 0.0673076923076923 0.11778846153846154
5 0.44350961538461536 0.22115384615384615 0.07211538461538461 0.13221153846153846
2 0.5252403846153846 0.22355769230769232 0.06490384615384616 0.14182692307692307
3 0.5480769230769231 0.15264423076923078 0.057692307692307696 0.11298076923076923
3 0.2608173076923077 0.3293269230769231 0.055288461538461536 0.11778846153846154
3 0.3389423076923077 0.5396634615384616 0.057692307692307696 0.125
3 0.18629807692307693 0.8028846153846154 0.06971153846153846 0.12740384615384615
3 0.4026442307692308 0.671875 0.06971153846153846 0.1346153846153846
2 0.5048076923076923 0.7896634615384616 0.08413461538461539 0.1778846153846154
7 0.8185096153846154 0.3858173076923077 0.09615384615384616 0.22355769230769232
11 0.7884615384615384 0.056490384615384616 0.07451923076923077 0.11298076923076923
8 0.7247596153846154 0.7932692307692307 0.09375 0.17548076923076922
10 0.6322115384615384 0.1141826923076923 0.07692307692307693 0.19471153846153846
6 0.8004807692307693 0.11057692307692307 0.0673076923076923 0.15144230769230768
6 0.6105769230769231 0.41225961538461536 0.06971153846153846 0.15625
9 0.45913461538461536 0.1310096153846154 0.06009615384615385 0.11778846153846154
9 0.7043269230769231 0.1310096153846154 0.0625 0.12259615384615384
9 0.7163461538461539 0.31009615384615385 0.057692307692307696 0.11778846153846154
9 0.7151442307692307 0.4182692307692308 0.0673076923076923 0.12259615384615384
9 0.6033653846153846 0.5540865384615384 0.06971153846153846 0.12980769230769232