1 0.7704326923076923 0.29927884615384615 0.08173076923076923 0.20192307692307693
3 0.7427884615384616 0.7860576923076923 0.0625 0.11778846153846154
5 0.8040865384615384 0.5300480769230769 0.07211538461538461 0.1346153846153846
5 0.5697115384615384 0.08052884615384616 0.04807692307692308 0.13221153846153846
2 0.5961538461538461 0.33413461538461536 0.057692307692307696 0.1466346153846154
2 0.6346153846153846 0.65625 0.06490384615384616 0.15384615384615385
4 0.5180288461538461 0.4254807692307692 0.06490384615384616 0.18028846153846154
3 0.5132211538461539 0.2620192307692308 0.05048076923076923 0.11778846153846154
3 0.5432692307692307 0.6658653846153846 0.06009615384615385 0.125
3 0.6069711538461539 0.5420673076923077 0.055288461538461536 0.11298076923076923
3 0.6826923076923077 0.3425480769230769 0.052884615384615384 0.10817307692307693
3 0.49158653846153844 0.17307692307692307 0.04567307692307692 0.10336538461538461
0 0.5973557692307693 0.15625 0.055288461538461536 0.14182692307692307
0 0.35697115384615385 0.5396634615384616 0.0673076923076923 0.14182692307692307
8 0.23557692307692307 0.7908653846153846 0.08173076923076923 0.15865384615384615
7 0.1622596153846154 0.4098557692307692 0.08173076923076923 0.21394230769230768
11 0.19831730769230768 0.08774038461538461 0.06490384615384616 0.12980769230769232
10 0.3449519230769231 0.1466346153846154 0.057692307692307696 0.1778846153846154
8 0.35096153846153844 0.32211538461538464 0.06009615384615385 0.1346153846153846
6 0.3557692307692308 0.42908653846153844 0.0625 0.13701923076923078
6 0.18389423076923078 0.15144230769230768 0.0625 0.1466346153846154
9 0.41466346153846156 0.08653846153846154 0.04807692307692308 0.10817307692307693
9 0.41586538461538464 0.24759615384615385 0.05048076923076923 0.11538461538461539
9 0.27403846153846156 0.16947115384615385 0.04807692307692308 0.10576923076923077
9 0.25841346153846156 0.33774038461538464 0.052884615384615384 0.10817307692307693
9 0.25961538461538464 0.4387019230769231 0.057692307692307696 0.10817307692307693
9 0.24759615384615385 0.6670673076923077 0.06009615384615385 0.11778846153846154