8 0.5492788461538461 0.33413461538461536 0.040865384615384616 0.11658653846153846
0 0.375 0.33653846153846156 0.040865384615384616 0.11057692307692307
3 0.6983173076923077 0.3389423076923077 0.037259615384615384 0.07451923076923077
1 0.7223557692307693 0.40024038461538464 0.06610576923076923 0.16466346153846154
9 0.44350961538461536 0.4110576923076923 0.037259615384615384 0.08173076923076923
8 0.25841346153846156 0.48197115384615385 0.054086538461538464 0.125
2 0.3545673076923077 0.484375 0.04927884615384615 0.11778846153846154
11 0.5600961538461539 0.5084134615384616 0.042067307692307696 0.09975961538461539
5 0.42908653846153844 0.7175480769230769 0.04927884615384615 0.11057692307692307
3 0.12379807692307693 0.7175480769230769 0.056490384615384616 0.09014423076923077
10 0.27283653846153844 0.1346153846153846 0.046875 0.12740384615384615
6 0.4639423076923077 0.15264423076923078 0.037259615384615384 0.09975961538461539
9 0.5961538461538461 0.16947115384615385 0.03125 0.0673076923076923
4 0.6862980769230769 0.19230769230769232 0.04927884615384615 0.1310096153846154
9 0.5504807692307693 0.22716346153846154 0.03125 0.06971153846153846
8 0.2403846153846154 0.23798076923076922 0.057692307692307696 0.15144230769230768
2 0.38461538461538464 0.26322115384615385 0.03365384615384615 0.109375
9 0.9050480769230769 0.2704326923076923 0.040865384615384616 0.07091346153846154