9 0.37740384615384615 0.34375 0.04567307692307692 0.09014423076923077
1 0.7235576923076923 0.3701923076923077 0.06370192307692307 0.16947115384615385
3 0.5432692307692307 0.4098557692307692 0.04807692307692308 0.09495192307692307
9 0.45072115384615385 0.41466346153846156 0.04807692307692308 0.09615384615384616
9 0.2608173076923077 0.5084134615384616 0.055288461538461536 0.0985576923076923
2 0.44350961538461536 0.5901442307692307 0.06009615384615385 0.12980769230769232
9 0.3545673076923077 0.5997596153846154 0.056490384615384616 0.10576923076923077
3 0.7451923076923077 0.6105769230769231 0.057692307692307696 0.10096153846153846
8 0.8834134615384616 0.6983173076923077 0.08413461538461539 0.13341346153846154
11 0.10336538461538461 0.7259615384615384 0.09495192307692307 0.14302884615384615
9 0.22716346153846154 0.7319711538461539 0.06610576923076923 0.10697115384615384
3 0.7920673076923077 0.7331730769230769 0.0673076923076923 0.11057692307692307
5 0.7391826923076923 0.1466346153846154 0.046875 0.10576923076923077
11 0.2536057692307692 0.15264423076923078 0.04927884615384615 0.1045673076923077
0 0.5204326923076923 0.15504807692307693 0.038461538461538464 0.09975961538461539
3 0.6574519230769231 0.15745192307692307 0.038461538461538464 0.07692307692307693
9 0.32572115384615385 0.16466346153846154 0.038461538461538464 0.078125
0 0.6778846153846154 0.1971153846153846 0.040865384615384616 0.1045673076923077
8 0.24158653846153846 0.21033653846153846 0.046875 0.10336538461538461
3 0.6911057692307693 0.2668269230769231 0.042067307692307696 0.08413461538461539
9 0.46153846153846156 0.2668269230769231 0.042067307692307696 0.08533653846153846
6 0.22596153846153846 0.2668269230769231 0.04927884615384615 0.11057692307692307
7 0.20552884615384615 0.3016826923076923 0.07091346153846154 0.16105769230769232
3 0.6286057692307693 0.33052884615384615 0.04447115384615385 0.0889423076923077