9 0.8028846153846154 0.38341346153846156 0.039663461538461536 0.06850961538461539
1 0.5576923076923077 0.41586538461538464 0.046875 0.12980769230769232
8 0.234375 0.4266826923076923 0.04447115384615385 0.09975961538461539
11 0.7271634615384616 0.4326923076923077 0.04447115384615385 0.08173076923076923
5 0.41225961538461536 0.4362980769230769 0.036057692307692304 0.08413461538461539
7 0.8545673076923077 0.6057692307692307 0.0829326923076923 0.13701923076923078
8 0.4723557692307692 0.6225961538461539 0.04326923076923077 0.09975961538461539
6 0.3088942307692308 0.6237980769230769 0.04927884615384615 0.10336538461538461
3 0.171875 0.7331730769230769 0.04567307692307692 0.0733173076923077
2 0.2824519230769231 0.15625 0.036057692307692304 0.09375
3 0.5625 0.18509615384615385 0.026442307692307692 0.06129807692307692
2 0.6177884615384616 0.22716346153846154 0.038461538461538464 0.09134615384615384
0 0.7572115384615384 0.234375 0.039663461538461536 0.09134615384615384
10 0.4014423076923077 0.2668269230769231 0.042067307692307696 0.12379807692307693
3 0.24879807692307693 0.3004807692307692 0.03125 0.06490384615384616