10 0.3870192307692308 0.3485576923076923 0.07692307692307693 0.18870192307692307
9 0.5504807692307693 0.3798076923076923 0.05889423076923077 0.11778846153846154
1 0.20072115384615385 0.40625 0.09495192307692307 0.21754807692307693
8 0.8353365384615384 0.5396634615384616 0.09014423076923077 0.16105769230769232
3 0.28966346153846156 0.5444711538461539 0.06850961538461539 0.12860576923076922
9 0.7391826923076923 0.5444711538461539 0.06971153846153846 0.12620192307692307
5 0.1778846153846154 0.625 0.09375 0.17067307692307693
11 0.8449519230769231 0.6502403846153846 0.09975961538461539 0.17427884615384615
3 0.26322115384615385 0.6526442307692307 0.07572115384615384 0.13221153846153846
9 0.7427884615384616 0.6538461538461539 0.07451923076923077 0.13341346153846154
7 0.7439903846153846 0.10576923076923077 0.07091346153846154 0.18990384615384615
5 0.2764423076923077 0.12259615384615384 0.05889423076923077 0.13221153846153846
3 0.34375 0.13942307692307693 0.04927884615384615 0.10336538461538461
9 0.6670673076923077 0.14543269230769232 0.051682692307692304 0.10216346153846154
2 0.27163461538461536 0.17668269230769232 0.06009615384615385 0.13822115384615385
9 0.9735576923076923 0.20552884615384615 0.04807692307692308 0.10336538461538461
3 0.9146634615384616 0.21394230769230768 0.055288461538461536 0.0985576923076923
4 0.46153846153846156 0.22235576923076922 0.0673076923076923 0.17067307692307693
0 0.24519230769230768 0.23677884615384615 0.056490384615384616 0.140625
3 0.3942307692307692 0.24879807692307693 0.055288461538461536 0.10576923076923077
9 0.5408653846153846 0.2536057692307692 0.054086538461538464 0.11177884615384616
11 0.22716346153846154 0.296875 0.06971153846153846 0.1502403846153846
9 0.7079326923076923 0.3125 0.05889423076923077 0.11177884615384616