9 0.2824519230769231 0.3473557692307692 0.03365384615384615 0.07211538461538461
9 0.08173076923076923 0.34975961538461536 0.042067307692307696 0.0733173076923077
10 0.35336538461538464 0.4014423076923077 0.05889423076923077 0.14903846153846154
6 0.5420673076923077 0.4110576923076923 0.04567307692307692 0.11899038461538461
9 0.44591346153846156 0.5024038461538461 0.039663461538461536 0.08774038461538461
3 0.5528846153846154 0.5096153846153846 0.038461538461538464 0.08173076923076923
11 0.15985576923076922 0.5096153846153846 0.05889423076923077 0.0985576923076923
9 0.5504807692307693 0.5985576923076923 0.042067307692307696 0.08653846153846154
3 0.6454326923076923 0.6021634615384616 0.040865384615384616 0.08413461538461539
9 0.4338942307692308 0.7235576923076923 0.04447115384615385 0.09254807692307693
3 0.7824519230769231 0.734375 0.054086538461538464 0.09014423076923077
0 0.3293269230769231 0.1502403846153846 0.036057692307692304 0.09975961538461539
3 0.6658653846153846 0.16826923076923078 0.026442307692307692 0.06610576923076923
3 0.5985576923076923 0.21754807692307693 0.028846153846153848 0.06850961538461539
11 0.24519230769230768 0.21875 0.038461538461538464 0.0829326923076923
7 0.3076923076923077 0.24759615384615385 0.051682692307692304 0.1502403846153846
5 0.7620192307692307 0.26322115384615385 0.038461538461538464 0.08774038461538461
1 0.7223557692307693 0.31490384615384615 0.05889423076923077 0.15865384615384615
9 0.052884615384615384 0.328125 0.04326923076923077 0.07211538461538461