10 0.8028846153846154 0.35096153846153844 0.09134615384615384 0.1875
3 0.3786057692307692 0.3737980769230769 0.06129807692307692 0.11778846153846154
4 0.46033653846153844 0.42427884615384615 0.08052884615384616 0.18990384615384615
0 0.20552884615384615 0.4362980769230769 0.0733173076923077 0.15745192307692307
9 0.6370192307692307 0.45552884615384615 0.06370192307692307 0.11658653846153846
2 0.18269230769230768 0.53125 0.08653846153846154 0.16466346153846154
8 0.6370192307692307 0.5396634615384616 0.07692307692307693 0.1622596153846154
8 0.8341346153846154 0.5396634615384616 0.09134615384615384 0.16105769230769232
3 0.29086538461538464 0.5420673076923077 0.06850961538461539 0.12620192307692307
9 0.7403846153846154 0.5456730769230769 0.07091346153846154 0.12379807692307693
5 0.1778846153846154 0.6237980769230769 0.09495192307692307 0.171875
11 0.8449519230769231 0.6502403846153846 0.09975961538461539 0.17548076923076922
3 0.26322115384615385 0.6514423076923077 0.07572115384615384 0.13581730769230768
9 0.7427884615384616 0.6526442307692307 0.0733173076923077 0.1310096153846154
5 0.2776442307692308 0.12259615384615384 0.06009615384615385 0.13822115384615385
11 0.7427884615384616 0.13221153846153846 0.0625 0.13581730769230768
3 0.3449519230769231 0.13822115384615385 0.05048076923076923 0.1045673076923077
9 0.6682692307692307 0.14423076923076922 0.051682692307692304 0.10216346153846154
2 0.27283653846153844 0.17548076923076922 0.0625 0.140625
6 0.6069711538461539 0.1814903846153846 0.056490384615384616 0.13942307692307693
3 0.47716346153846156 0.18990384615384615 0.054086538461538464 0.10817307692307693
9 0.6802884615384616 0.19471153846153846 0.055288461538461536 0.10336538461538461
6 0.7560096153846154 0.23197115384615385 0.06009615384615385 0.140625
0 0.25 0.23798076923076922 0.06370192307692307 0.14182692307692307
3 0.3942307692307692 0.24879807692307693 0.056490384615384616 0.11177884615384616
9 0.6802884615384616 0.25721153846153844 0.05889423076923077 0.11057692307692307
1 0.23677884615384615 0.265625 0.08533653846153846 0.2091346153846154
7 0.7848557692307693 0.2692307692307692 0.08653846153846154 0.20793269230769232
9 0.7055288461538461 0.3112980769230769 0.0625 0.1141826923076923