1 0.4074519230769231 0.33653846153846156 0.042067307692307696 0.13221153846153846
8 0.234375 0.42788461538461536 0.04567307692307692 0.09975961538461539
11 0.7271634615384616 0.4326923076923077 0.04567307692307692 0.08413461538461539
8 0.5612980769230769 0.5132211538461539 0.04447115384615385 0.1045673076923077
3 0.06490384615384616 0.53125 0.0625 0.055288461538461536
6 0.3088942307692308 0.625 0.04927884615384615 0.1045673076923077
3 0.054086538461538464 0.6742788461538461 0.057692307692307696 0.06971153846153846
7 0.7728365384615384 0.6983173076923077 0.078125 0.13822115384615385
10 0.4855769230769231 0.2091346153846154 0.039663461538461536 0.11778846153846154
2 0.33774038461538464 0.21634615384615385 0.03365384615384615 0.09254807692307693
2 0.6177884615384616 0.22716346153846154 0.037259615384615384 0.09134615384615384