4 0.7800480769230769 0.3473557692307692 0.09375 0.18509615384615385
10 0.18870192307692307 0.3473557692307692 0.09254807692307693 0.17908653846153846
3 0.6875 0.3737980769230769 0.06129807692307692 0.11778846153846154
9 0.2932692307692308 0.38221153846153844 0.0625 0.11538461538461539
0 0.7944711538461539 0.4362980769230769 0.0733173076923077 0.15625
6 0.19951923076923078 0.4411057692307692 0.0733173076923077 0.15625
3 0.703125 0.4519230769230769 0.06490384615384616 0.12379807692307693
9 0.28725961538461536 0.4639423076923077 0.06490384615384616 0.12139423076923077
2 0.8112980769230769 0.5252403846153846 0.08653846153846154 0.1622596153846154
8 0.171875 0.5372596153846154 0.08774038461538461 0.15985576923076922
9 0.2704326923076923 0.5444711538461539 0.06850961538461539 0.12620192307692307
3 0.7235576923076923 0.546875 0.07091346153846154 0.12860576923076922
5 0.8401442307692307 0.6274038461538461 0.09615384615384616 0.17548076923076922
11 0.14302884615384615 0.6418269230769231 0.09975961538461539 0.171875
3 0.7367788461538461 0.6526442307692307 0.078125 0.13701923076923078
9 0.2644230769230769 0.6586538461538461 0.0733173076923077 0.1310096153846154
5 0.7283653846153846 0.125 0.06009615384615385 0.13822115384615385
11 0.25721153846153844 0.12980769230769232 0.0625 0.1346153846153846
3 0.6574519230769231 0.13341346153846154 0.04927884615384615 0.09975961538461539
9 0.328125 0.14423076923076922 0.05048076923076923 0.10336538461538461
2 0.7319711538461539 0.16826923076923078 0.06129807692307692 0.13942307692307693
8 0.24759615384615385 0.18269230769230768 0.0625 0.13822115384615385
3 0.6610576923076923 0.19110576923076922 0.052884615384615384 0.10817307692307693
9 0.3173076923076923 0.1935096153846154 0.054086538461538464 0.1045673076923077
0 0.75 0.23557692307692307 0.05889423076923077 0.13942307692307693
6 0.23317307692307693 0.23918269230769232 0.06129807692307692 0.13822115384615385
3 0.6790865384615384 0.24759615384615385 0.054086538461538464 0.10697115384615384
9 0.31850961538461536 0.2536057692307692 0.055288461538461536 0.10216346153846154
1 0.7584134615384616 0.2608173076923077 0.08413461538461539 0.20432692307692307
7 0.21875 0.2704326923076923 0.08653846153846154 0.20552884615384615
3 0.6838942307692307 0.3088942307692308 0.06129807692307692 0.1141826923076923
9 0.3137019230769231 0.3137019230769231 0.05889423076923077 0.11298076923076923