9 0.21514423076923078 0.3485576923076923 0.039663461538461536 0.0733173076923077
9 0.3786057692307692 0.35216346153846156 0.03125 0.07451923076923077
10 0.46153846153846156 0.3858173076923077 0.051682692307692304 0.14783653846153846
2 0.7211538461538461 0.4050480769230769 0.042067307692307696 0.11538461538461539
3 0.8088942307692307 0.40865384615384615 0.042067307692307696 0.078125
6 0.6310096153846154 0.41346153846153844 0.04326923076923077 0.11298076923076923
3 0.18870192307692307 0.4230769230769231 0.039663461538461536 0.07932692307692307
7 0.5516826923076923 0.46875 0.051682692307692304 0.16105769230769232
0 0.37259615384615385 0.49038461538461536 0.04807692307692308 0.11899038461538461
8 0.25240384615384615 0.4951923076923077 0.051682692307692304 0.12139423076923077
5 0.8665865384615384 0.6105769230769231 0.06370192307692307 0.1045673076923077
9 0.6538461538461539 0.6117788461538461 0.04326923076923077 0.0889423076923077
9 0.13341346153846154 0.6189903846153846 0.054086538461538464 0.08413461538461539
3 0.4483173076923077 0.6225961538461539 0.040865384615384616 0.08413461538461539
6 0.8016826923076923 0.7115384615384616 0.07091346153846154 0.12740384615384615
11 0.5685096153846154 0.71875 0.05048076923076923 0.109375
8 0.4639423076923077 0.7271634615384616 0.051682692307692304 0.12980769230769232
3 0.23677884615384615 0.7391826923076923 0.052884615384615384 0.09014423076923077
0 0.7367788461538461 0.13701923076923078 0.037259615384615384 0.09975961538461539
4 0.5925480769230769 0.14423076923076922 0.038461538461538464 0.12740384615384615
5 0.3293269230769231 0.1658653846153846 0.03485576923076923 0.08173076923076923
3 0.45552884615384615 0.16826923076923078 0.018028846153846152 0.06370192307692307
9 0.25240384615384615 0.171875 0.030048076923076924 0.0673076923076923
9 0.5324519230769231 0.2091346153846154 0.028846153846153848 0.06850961538461539
9 0.44591346153846156 0.21634615384615385 0.027644230769230768 0.06850961538461539
3 0.6802884615384616 0.21995192307692307 0.028846153846153848 0.06850961538461539
3 0.3858173076923077 0.2247596153846154 0.030048076923076924 0.06971153846153846
1 0.4699519230769231 0.2403846153846154 0.04326923076923077 0.14543269230769232
9 0.7644230769230769 0.265625 0.03365384615384615 0.07211538461538461
11 0.3293269230769231 0.27163461538461536 0.036057692307692304 0.08533653846153846
2 0.5949519230769231 0.27403846153846156 0.037259615384615384 0.10336538461538461
3 0.22235576923076922 0.28725961538461536 0.03485576923076923 0.07211538461538461