3 0.3858173076923077 0.33653846153846156 0.03365384615384615 0.0733173076923077
9 0.7175480769230769 0.3473557692307692 0.03365384615384615 0.07451923076923077
1 0.1935096153846154 0.375 0.07211538461538461 0.1622596153846154
10 0.8064903846153846 0.390625 0.06850961538461539 0.1466346153846154
0 0.359375 0.39903846153846156 0.046875 0.11778846153846154
9 0.5540865384615384 0.5012019230769231 0.039663461538461536 0.08653846153846154
3 0.44711538461538464 0.5084134615384616 0.038461538461538464 0.08052884615384616
9 0.640625 0.5997596153846154 0.04326923076923077 0.08413461538461539
3 0.3557692307692308 0.6021634615384616 0.04447115384615385 0.08653846153846154
5 0.08533653846153846 0.7283653846153846 0.0733173076923077 0.11057692307692307
9 0.7536057692307693 0.7307692307692307 0.05048076923076923 0.09014423076923077
3 0.21754807692307693 0.734375 0.055288461538461536 0.09254807692307693
11 0.9002403846153846 0.7367788461538461 0.07451923076923077 0.10817307692307693
6 0.6201923076923077 0.15625 0.037259615384615384 0.10216346153846154
11 0.7548076923076923 0.15985576923076922 0.037259615384615384 0.07692307692307693
5 0.26802884615384615 0.1622596153846154 0.037259615384615384 0.08173076923076923
3 0.3329326923076923 0.16826923076923078 0.028846153846153848 0.06610576923076923
9 0.6802884615384616 0.16947115384615385 0.030048076923076924 0.06610576923076923
6 0.33052884615384615 0.1971153846153846 0.037259615384615384 0.10096153846153846
3 0.4014423076923077 0.21634615384615385 0.030048076923076924 0.06971153846153846
9 0.6045673076923077 0.22115384615384615 0.028846153846153848 0.0673076923076923
7 0.6923076923076923 0.24639423076923078 0.051682692307692304 0.1502403846153846
8 0.9771634615384616 0.31490384615384615 0.04447115384615385 0.09975961538461539