9 0.7175480769230769 0.3485576923076923 0.03365384615384615 0.0733173076923077
9 0.9194711538461539 0.35096153846153844 0.042067307692307696 0.07211538461538461
10 0.6466346153846154 0.40024038461538464 0.06009615384615385 0.14783653846153846
6 0.45913461538461536 0.4110576923076923 0.04447115384615385 0.11899038461538461
9 0.5540865384615384 0.5012019230769231 0.040865384615384616 0.08533653846153846
3 0.4483173076923077 0.5096153846153846 0.038461538461538464 0.08052884615384616
11 0.8413461538461539 0.5108173076923077 0.057692307692307696 0.09735576923076923
9 0.4495192307692308 0.5985576923076923 0.039663461538461536 0.08533653846153846
3 0.3545673076923077 0.6033653846153846 0.042067307692307696 0.08533653846153846
9 0.5661057692307693 0.7235576923076923 0.04326923076923077 0.09014423076923077
3 0.21754807692307693 0.734375 0.052884615384615384 0.09134615384615384
0 0.6706730769230769 0.15144230769230768 0.03485576923076923 0.09975961538461539
5 0.25961538461538464 0.15625 0.036057692307692304 0.08052884615384616
3 0.33533653846153844 0.16706730769230768 0.030048076923076924 0.06490384615384616
3 0.4014423076923077 0.21634615384615385 0.027644230769230768 0.07091346153846154
11 0.7560096153846154 0.21875 0.040865384615384616 0.0829326923076923
7 0.6935096153846154 0.24879807692307693 0.051682692307692304 0.14903846153846154
1 0.27884615384615385 0.31490384615384615 0.06009615384615385 0.15745192307692307
9 0.9483173076923077 0.328125 0.040865384615384616 0.07211538461538461