2 0.6610576923076923 0.3449519230769231 0.037259615384615384 0.09735576923076923
9 0.53125 0.359375 0.028846153846153848 0.06490384615384616
0 0.20673076923076922 0.3605769230769231 0.04807692307692308 0.09375
3 0.3485576923076923 0.38341346153846156 0.03125 0.06490384615384616
2 0.421875 0.4266826923076923 0.04326923076923077 0.09615384615384616
9 0.5108173076923077 0.4375 0.03365384615384615 0.06971153846153846
11 0.28725961538461536 0.4387019230769231 0.04326923076923077 0.0829326923076923
9 0.5913461538461539 0.4423076923076923 0.03125 0.06850961538461539
9 0.1875 0.47475961538461536 0.04326923076923077 0.06971153846153846
8 0.7692307692307693 0.5012019230769231 0.051682692307692304 0.1045673076923077
8 0.25240384615384615 0.5204326923076923 0.05048076923076923 0.09495192307692307
6 0.6778846153846154 0.5240384615384616 0.04326923076923077 0.10336538461538461
9 0.4206730769230769 0.5252403846153846 0.03365384615384615 0.06971153846153846
10 0.5913461538461539 0.609375 0.051682692307692304 0.13221153846153846
9 0.8016826923076923 0.6237980769230769 0.04326923076923077 0.07451923076923077
9 0.234375 0.6286057692307693 0.04326923076923077 0.07211538461538461
9 0.32572115384615385 0.6310096153846154 0.037259615384615384 0.06971153846153846
7 0.41586538461538464 0.7151442307692307 0.05889423076923077 0.13701923076923078
11 0.8173076923076923 0.7211538461538461 0.056490384615384616 0.09254807692307693
6 0.3173076923076923 0.7271634615384616 0.051682692307692304 0.0985576923076923
1 0.43990384615384615 0.15504807692307693 0.037259615384615384 0.12740384615384615
0 0.5709134615384616 0.15745192307692307 0.03125 0.09134615384615384
5 0.7079326923076923 0.1622596153846154 0.03125 0.07451923076923077
5 0.25 0.18509615384615385 0.037259615384615384 0.07451923076923077
3 0.7151442307692307 0.2283653846153846 0.028846153846153848 0.0625
3 0.6466346153846154 0.23076923076923078 0.025240384615384616 0.06370192307692307
3 0.5180288461538461 0.234375 0.021634615384615384 0.0625
3 0.43509615384615385 0.23798076923076922 0.026442307692307692 0.06129807692307692
3 0.23557692307692307 0.24879807692307693 0.03245192307692308 0.06129807692307692
4 0.5024038461538461 0.2620192307692308 0.038461538461538464 0.1201923076923077
3 0.5913461538461539 0.2980769230769231 0.027644230769230768 0.06610576923076923
3 0.30528846153846156 0.3088942307692308 0.03125 0.06370192307692307