5 0.2860576923076923 0.34375 0.04326923076923077 0.09254807692307693
4 0.5300480769230769 0.3942307692307692 0.046875 0.1466346153846154
10 0.1778846153846154 0.40024038461538464 0.07451923076923077 0.1466346153846154
0 0.6225961538461539 0.4026442307692308 0.042067307692307696 0.11298076923076923
3 0.7103365384615384 0.4110576923076923 0.037259615384615384 0.07692307692307693
0 0.8305288461538461 0.47836538461538464 0.056490384615384616 0.11899038461538461
8 0.3557692307692308 0.4879807692307692 0.04927884615384615 0.1201923076923077
3 0.6189903846153846 0.4963942307692308 0.03485576923076923 0.08173076923076923
3 0.24158653846153846 0.5072115384615384 0.04326923076923077 0.08052884615384616
9 0.2824519230769231 0.052884615384615384 0.026442307692307692 0.057692307692307696
3 0.21995192307692307 0.6129807692307693 0.04807692307692308 0.08533653846153846
5 0.11177884615384616 0.6153846153846154 0.06610576923076923 0.10336538461538461
9 0.7524038461538461 0.6201923076923077 0.046875 0.08533653846153846
9 0.375 0.06971153846153846 0.037259615384615384 0.036057692307692304
6 0.33774038461538464 0.7019230769230769 0.055288461538461536 0.125
2 0.6574519230769231 0.7235576923076923 0.06009615384615385 0.12259615384615384
9 0.21875 0.7487980769230769 0.051682692307692304 0.08653846153846154
3 0.4951923076923077 0.08413461538461539 0.02283653846153846 0.06009615384615385
11 0.4026442307692308 0.09014423076923077 0.027644230769230768 0.07091346153846154
9 0.3605769230769231 0.09975961538461539 0.025240384615384616 0.06129807692307692
6 0.5192307692307693 0.16105769230769232 0.03365384615384615 0.0985576923076923
3 0.6550480769230769 0.16105769230769232 0.027644230769230768 0.06370192307692307
9 0.3942307692307692 0.17307692307692307 0.018028846153846152 0.06610576923076923
1 0.38341346153846156 0.18870192307692307 0.04326923076923077 0.14543269230769232
7 0.234375 0.19591346153846154 0.055288461538461536 0.140625
9 0.7367788461538461 0.21514423076923078 0.03365384615384615 0.07211538461538461
2 0.5985576923076923 0.2644230769230769 0.038461538461538464 0.10817307692307693
8 0.3737980769230769 0.2668269230769231 0.037259615384615384 0.10817307692307693
3 0.5288461538461539 0.2704326923076923 0.030048076923076924 0.07091346153846154
3 0.6778846153846154 0.2776442307692308 0.030048076923076924 0.06971153846153846
9 0.2932692307692308 0.29086538461538464 0.03245192307692308 0.07211538461538461
11 0.6802884615384616 0.32572115384615385 0.039663461538461536 0.0889423076923077