4 0.7896634615384616 0.34134615384615385 0.09495192307692307 0.18389423076923078
10 0.19591346153846154 0.3485576923076923 0.09014423076923077 0.1875
3 0.6201923076923077 0.3701923076923077 0.06129807692307692 0.12259615384615384
0 0.7932692307692307 0.43509615384615385 0.07451923076923077 0.15865384615384615
6 0.18629807692307693 0.4423076923076923 0.07572115384615384 0.15504807692307693
9 0.2824519230769231 0.4675480769230769 0.0673076923076923 0.12139423076923077
2 0.8185096153846154 0.5300480769230769 0.08774038461538461 0.1622596153846154
8 0.16826923076923078 0.5372596153846154 0.09134615384615384 0.16346153846153846
3 0.7079326923076923 0.5420673076923077 0.07091346153846154 0.12980769230769232
9 0.2608173076923077 0.5432692307692307 0.06850961538461539 0.12740384615384615
5 0.8209134615384616 0.6225961538461539 0.09495192307692307 0.17307692307692307
11 0.15504807692307693 0.6490384615384616 0.09975961538461539 0.17427884615384615
3 0.7379807692307693 0.6502403846153846 0.07572115384615384 0.13581730769230768
9 0.25600961538461536 0.6514423076923077 0.0733173076923077 0.13581730769230768
5 0.7223557692307693 0.12259615384615384 0.057692307692307696 0.13942307692307693
11 0.25600961538461536 0.12620192307692307 0.06129807692307692 0.13701923076923078
3 0.6550480769230769 0.13822115384615385 0.051682692307692304 0.1045673076923077
9 0.328125 0.14302884615384615 0.05048076923076923 0.0985576923076923
8 0.23918269230769232 0.17427884615384615 0.06490384615384616 0.13581730769230768
2 0.7283653846153846 0.17548076923076922 0.0625 0.14182692307692307
3 0.6574519230769231 0.1875 0.056490384615384616 0.11057692307692307
9 0.31850961538461536 0.18990384615384615 0.054086538461538464 0.10697115384615384
6 0.24519230769230768 0.22956730769230768 0.05889423076923077 0.14182692307692307
0 0.7524038461538461 0.23798076923076922 0.06129807692307692 0.14543269230769232
3 0.6658653846153846 0.24519230769230768 0.055288461538461536 0.11298076923076923
9 0.32091346153846156 0.2548076923076923 0.056490384615384616 0.11177884615384616
1 0.7632211538461539 0.26322115384615385 0.08533653846153846 0.2091346153846154
7 0.21394230769230768 0.265625 0.08774038461538461 0.20552884615384615
9 0.2920673076923077 0.31009615384615385 0.06009615384615385 0.11298076923076923