3 0.6778846153846154 0.33533653846153844 0.038461538461538464 0.07692307692307693
9 0.28125 0.35336538461538464 0.04447115384615385 0.08052884615384616
4 0.8076923076923077 0.3762019230769231 0.07451923076923077 0.1466346153846154
10 0.19591346153846154 0.390625 0.08173076923076923 0.15504807692307693
9 0.44591346153846156 0.4254807692307692 0.04807692307692308 0.0829326923076923
2 0.8305288461538461 0.47475961538461536 0.06610576923076923 0.11658653846153846
3 0.7451923076923077 0.5 0.051682692307692304 0.09014423076923077
9 0.44471153846153844 0.5012019230769231 0.05048076923076923 0.09014423076923077
0 0.8605769230769231 0.5961538461538461 0.07572115384615384 0.13221153846153846
9 0.35697115384615385 0.6021634615384616 0.04807692307692308 0.09615384615384616
3 0.7451923076923077 0.6105769230769231 0.04927884615384615 0.10216346153846154
5 0.9158653846153846 0.7319711538461539 0.07451923076923077 0.11658653846153846
9 0.24639423076923078 0.7355769230769231 0.057692307692307696 0.09375
11 0.09975961538461539 0.7367788461538461 0.07692307692307693 0.11298076923076923
3 0.7848557692307693 0.7379807692307693 0.055288461538461536 0.10216346153846154
0 0.5961538461538461 0.1502403846153846 0.046875 0.0985576923076923
11 0.24278846153846154 0.1622596153846154 0.04447115384615385 0.08533653846153846
5 0.7295673076923077 0.16346153846153846 0.039663461538461536 0.08653846153846154
9 0.3173076923076923 0.16706730769230768 0.03365384615384615 0.078125
3 0.6682692307692307 0.16947115384615385 0.036057692307692304 0.06971153846153846
3 0.5997596153846154 0.22115384615384615 0.03245192307692308 0.0733173076923077
9 0.3954326923076923 0.22235576923076922 0.03125 0.06850961538461539
6 0.2247596153846154 0.2620192307692308 0.054086538461538464 0.10697115384615384
6 0.46153846153846156 0.2620192307692308 0.055288461538461536 0.12139423076923077
8 0.375 0.27283653846153844 0.051682692307692304 0.11298076923076923
3 0.6995192307692307 0.27524038461538464 0.036057692307692304 0.08052884615384616
9 0.31490384615384615 0.28365384615384615 0.040865384615384616 0.08052884615384616
1 0.7776442307692307 0.2956730769230769 0.0673076923076923 0.15865384615384615
7 0.19951923076923078 0.31971153846153844 0.0625 0.15384615384615385