0 0.38221153846153844 0.33533653846153844 0.04326923076923077 0.1141826923076923
3 0.5384615384615384 0.34375 0.03245192307692308 0.07451923076923077
0 0.8185096153846154 0.39783653846153844 0.051682692307692304 0.11778846153846154
5 0.6262019230769231 0.40865384615384615 0.039663461538461536 0.09495192307692307
1 0.45072115384615385 0.4795673076923077 0.051682692307692304 0.16947115384615385
3 0.16706730769230768 0.49759615384615385 0.04567307692307692 0.08413461538461539
5 0.35216346153846156 0.5012019230769231 0.04567307692307692 0.10216346153846154
3 0.6430288461538461 0.5084134615384616 0.038461538461538464 0.08173076923076923
2 0.8425480769230769 0.5889423076923077 0.0625 0.11899038461538461
9 0.2512019230769231 0.6117788461538461 0.04927884615384615 0.09014423076923077
3 0.46634615384615385 0.6129807692307693 0.039663461538461536 0.08774038461538461
9 0.14543269230769232 0.6141826923076923 0.052884615384615384 0.08774038461538461
8 0.5456730769230769 0.7127403846153846 0.054086538461538464 0.12139423076923077
2 0.8978365384615384 0.7151442307692307 0.07211538461538461 0.12980769230769232
3 0.1141826923076923 0.734375 0.05889423076923077 0.09254807692307693
9 0.3473557692307692 0.7379807692307693 0.046875 0.09254807692307693
9 0.6550480769230769 0.7379807692307693 0.046875 0.08774038461538461
3 0.22115384615384615 0.7415865384615384 0.052884615384615384 0.09134615384615384
7 0.5889423076923077 0.13942307692307693 0.040865384615384616 0.13822115384615385
9 0.7163461538461539 0.15144230769230768 0.027644230769230768 0.0673076923076923
11 0.5324519230769231 0.15985576923076922 0.03125 0.078125
9 0.2608173076923077 0.171875 0.03125 0.06610576923076923
9 0.3942307692307692 0.17908653846153846 0.027644230769230768 0.06490384615384616
6 0.6766826923076923 0.19831730769230768 0.038461538461538464 0.10576923076923077
9 0.25 0.22355769230769232 0.03125 0.07091346153846154
6 0.44591346153846156 0.2608173076923077 0.039663461538461536 0.10697115384615384
11 0.7608173076923077 0.2668269230769231 0.042067307692307696 0.08774038461538461
3 0.29447115384615385 0.27163461538461536 0.03245192307692308 0.06971153846153846
3 0.6069711538461539 0.27524038461538464 0.03245192307692308 0.0733173076923077
10 0.296875 0.32091346153846156 0.057692307692307696 0.140625
4 0.7067307692307693 0.32211538461538464 0.057692307692307696 0.14182692307692307
8 0.20192307692307693 0.3293269230769231 0.052884615384615384 0.11538461538461539