1 0.5072115384615384 0.33653846153846156 0.042067307692307696 0.12980769230769232
4 0.4326923076923077 0.3425480769230769 0.04447115384615385 0.125
2 0.359375 0.36658653846153844 0.04567307692307692 0.09495192307692307
5 0.6850961538461539 0.4254807692307692 0.037259615384615384 0.08533653846153846
3 0.7680288461538461 0.4266826923076923 0.03365384615384615 0.06850961538461539
11 0.1971153846153846 0.4411057692307692 0.04807692307692308 0.08052884615384616
3 0.5144230769230769 0.44591346153846156 0.03125 0.06971153846153846
8 0.6983173076923077 0.5132211538461539 0.04807692307692308 0.10576923076923077
3 0.5060096153846154 0.5144230769230769 0.03365384615384615 0.06971153846153846
6 0.4362980769230769 0.5360576923076923 0.04447115384615385 0.10096153846153846
9 0.16706730769230768 0.5360576923076923 0.04807692307692308 0.07211538461538461
9 0.7992788461538461 0.6153846153846154 0.042067307692307696 0.078125
9 0.3545673076923077 0.625 0.036057692307692304 0.06850961538461539
9 0.5132211538461539 0.6262019230769231 0.037259615384615384 0.07211538461538461
7 0.10817307692307693 0.7175480769230769 0.09615384615384616 0.13341346153846154
10 0.390625 0.1466346153846154 0.042067307692307696 0.1141826923076923
8 0.640625 0.15504807692307693 0.03365384615384615 0.09615384615384616
3 0.515625 0.1778846153846154 0.025240384615384616 0.0625
2 0.5865384615384616 0.22235576923076922 0.03245192307692308 0.09254807692307693
9 0.7235576923076923 0.22355769230769232 0.028846153846153848 0.06490384615384616
3 0.31971153846153844 0.24158653846153846 0.030048076923076924 0.06129807692307692
9 0.6526442307692307 0.28846153846153844 0.030048076923076924 0.06490384615384616
3 0.5889423076923077 0.2932692307692308 0.027644230769230768 0.06490384615384616
0 0.23317307692307693 0.29927884615384615 0.04326923076923077 0.09375