10 0.6129807692307693 0.3485576923076923 0.07692307692307693 0.18870192307692307
9 0.4495192307692308 0.3798076923076923 0.05889423076923077 0.11778846153846154
1 0.7992788461538461 0.40625 0.09495192307692307 0.21754807692307693
8 0.16466346153846154 0.5396634615384616 0.09014423076923077 0.16105769230769232
3 0.7103365384615384 0.5444711538461539 0.06850961538461539 0.12860576923076922
9 0.2608173076923077 0.5444711538461539 0.06971153846153846 0.12620192307692307
5 0.8221153846153846 0.625 0.09375 0.17067307692307693
11 0.15504807692307693 0.6502403846153846 0.09975961538461539 0.17427884615384615
3 0.7367788461538461 0.6526442307692307 0.07572115384615384 0.13221153846153846
9 0.25721153846153844 0.6538461538461539 0.07451923076923077 0.13341346153846154
7 0.25600961538461536 0.10576923076923077 0.07091346153846154 0.18990384615384615
5 0.7235576923076923 0.12259615384615384 0.05889423076923077 0.13221153846153846
3 0.65625 0.13942307692307693 0.04927884615384615 0.10336538461538461
9 0.3329326923076923 0.14543269230769232 0.051682692307692304 0.10216346153846154
2 0.7283653846153846 0.17668269230769232 0.06009615384615385 0.13822115384615385
9 0.026442307692307692 0.20552884615384615 0.04807692307692308 0.10336538461538461
3 0.08533653846153846 0.21394230769230768 0.055288461538461536 0.0985576923076923
4 0.5384615384615384 0.22235576923076922 0.0673076923076923 0.17067307692307693
0 0.7548076923076923 0.23677884615384615 0.056490384615384616 0.140625
3 0.6057692307692307 0.24879807692307693 0.055288461538461536 0.10576923076923077
9 0.45913461538461536 0.2536057692307692 0.054086538461538464 0.11177884615384616
11 0.7728365384615384 0.296875 0.06971153846153846 0.1502403846153846
9 0.2920673076923077 0.3125 0.05889423076923077 0.11177884615384616