9 0.08052884615384616 0.3485576923076923 0.04447115384615385 0.07692307692307693
9 0.28125 0.35216346153846156 0.042067307692307696 0.08052884615384616
5 0.038461538461538464 0.3954326923076923 0.06009615384615385 0.09495192307692307
0 0.625 0.40024038461538464 0.04567307692307692 0.1201923076923077
6 0.5420673076923077 0.4074519230769231 0.04567307692307692 0.125
9 0.44591346153846156 0.5 0.04567307692307692 0.09615384615384616
3 0.5528846153846154 0.5096153846153846 0.04447115384615385 0.0829326923076923
1 0.8665865384615384 0.5552884615384616 0.09615384615384616 0.17548076923076922
9 0.5504807692307693 0.6009615384615384 0.04807692307692308 0.09495192307692307
3 0.6466346153846154 0.6033653846153846 0.04807692307692308 0.09014423076923077
9 0.4362980769230769 0.7259615384615384 0.057692307692307696 0.10216346153846154
3 0.7836538461538461 0.7355769230769231 0.0625 0.09975961538461539
3 0.5264423076923077 0.16706730769230768 0.03365384615384615 0.0733173076923077
7 0.39903846153846156 0.18389423076923078 0.046875 0.15144230769230768
3 0.5997596153846154 0.21875 0.039663461538461536 0.07451923076923077
11 0.6862980769230769 0.265625 0.04447115384615385 0.0985576923076923
10 0.6237980769230769 0.3137019230769231 0.056490384615384616 0.1502403846153846
9 0.051682692307692304 0.33052884615384615 0.04567307692307692 0.07692307692307693