3 0.6850961538461539 0.33774038461538464 0.03125 0.07572115384615384
9 0.2920673076923077 0.35697115384615385 0.03365384615384615 0.07451923076923077
4 0.8088942307692307 0.38461538461538464 0.06850961538461539 0.1466346153846154
10 0.1778846153846154 0.4026442307692308 0.0733173076923077 0.1466346153846154
3 0.7103365384615384 0.41346153846153844 0.036057692307692304 0.07572115384615384
9 0.2776442307692308 0.4338942307692308 0.040865384615384616 0.08052884615384616
0 0.8305288461538461 0.4807692307692308 0.055288461538461536 0.11778846153846154
3 0.7271634615384616 0.49759615384615385 0.038461538461538464 0.08173076923076923
9 0.2704326923076923 0.5180288461538461 0.040865384615384616 0.0829326923076923
6 0.16826923076923078 0.5180288461538461 0.057692307692307696 0.12139423076923077
2 0.8485576923076923 0.5805288461538461 0.06490384615384616 0.11899038461538461
8 0.12860576923076922 0.6045673076923077 0.06610576923076923 0.11899038461538461
3 0.7427884615384616 0.6081730769230769 0.042067307692307696 0.08653846153846154
9 0.24759615384615385 0.6225961538461539 0.046875 0.08653846153846154
3 0.7620192307692307 0.7175480769230769 0.05048076923076923 0.08774038461538461
5 0.8762019230769231 0.71875 0.06971153846153846 0.109375
11 0.07692307692307693 0.7487980769230769 0.07572115384615384 0.10817307692307693
9 0.21875 0.7512019230769231 0.05048076923076923 0.08653846153846154
5 0.7235576923076923 0.16105769230769232 0.03485576923076923 0.07932692307692307
3 0.6538461538461539 0.16466346153846154 0.026442307692307692 0.06370192307692307
11 0.25 0.17427884615384615 0.036057692307692304 0.078125
9 0.328125 0.1778846153846154 0.028846153846153848 0.0673076923076923
2 0.7427884615384616 0.203125 0.042067307692307696 0.1045673076923077
8 0.23197115384615385 0.21394230769230768 0.042067307692307696 0.10576923076923077
3 0.6670673076923077 0.22235576923076922 0.028846153846153848 0.06850961538461539
9 0.3173076923076923 0.23798076923076922 0.030048076923076924 0.07091346153846154
0 0.7548076923076923 0.2608173076923077 0.040865384615384616 0.1045673076923077
6 0.21995192307692307 0.2764423076923077 0.04447115384615385 0.1045673076923077
3 0.6778846153846154 0.28125 0.030048076923076924 0.07091346153846154
9 0.2956730769230769 0.29086538461538464 0.03125 0.07091346153846154
1 0.7860576923076923 0.30288461538461536 0.05889423076923077 0.15625
7 0.19230769230769232 0.32572115384615385 0.0673076923076923 0.15144230769230768