9 0.4483173076923077 0.38100961538461536 0.06129807692307692 0.11778846153846154
1 0.7992788461538461 0.40625 0.09495192307692307 0.21754807692307693
0 0.16947115384615385 0.051682692307692304 0.05048076923076923 0.10336538461538461
8 0.1658653846153846 0.5384615384615384 0.09014423076923077 0.16105769230769232
9 0.2608173076923077 0.5444711538461539 0.06971153846153846 0.12620192307692307
3 0.6213942307692307 0.5552884615384616 0.06850961538461539 0.12860576923076922
4 0.4519230769230769 0.06129807692307692 0.051682692307692304 0.12259615384615384
5 0.8221153846153846 0.625 0.09375 0.17067307692307693
11 0.15625 0.6478365384615384 0.09975961538461539 0.17427884615384615
9 0.25721153846153844 0.6502403846153846 0.07451923076923077 0.13341346153846154
3 0.7367788461538461 0.6526442307692307 0.07572115384615384 0.13221153846153846
7 0.25721153846153844 0.10697115384615384 0.07091346153846154 0.18990384615384615
5 0.7235576923076923 0.12259615384615384 0.05889423076923077 0.13221153846153846
3 0.65625 0.13942307692307693 0.04927884615384615 0.10336538461538461
9 0.3329326923076923 0.14543269230769232 0.05048076923076923 0.10216346153846154
2 0.7283653846153846 0.17668269230769232 0.06009615384615385 0.13822115384615385
9 0.026442307692307692 0.20552884615384615 0.051682692307692304 0.09975961538461539
3 0.08774038461538461 0.21394230769230768 0.054086538461538464 0.09975961538461539
11 0.7463942307692307 0.23197115384615385 0.06129807692307692 0.14423076923076922
3 0.6069711538461539 0.2512019230769231 0.055288461538461536 0.11057692307692307
9 0.5192307692307693 0.2536057692307692 0.055288461538461536 0.109375
10 0.6959134615384616 0.2848557692307692 0.08173076923076923 0.1778846153846154
9 0.2920673076923077 0.3125 0.05889423076923077 0.11177884615384616