4 0.7884615384615384 0.34375 0.09014423076923077 0.18389423076923078
10 0.19591346153846154 0.34975961538461536 0.09254807692307693 0.19110576923076922
3 0.6237980769230769 0.36778846153846156 0.0625 0.11298076923076923
0 0.7992788461538461 0.4338942307692308 0.08653846153846154 0.15384615384615385
9 0.2824519230769231 0.46875 0.06610576923076923 0.1201923076923077
2 0.8161057692307693 0.5192307692307693 0.09375 0.14182692307692307
3 0.7079326923076923 0.5396634615384616 0.06971153846153846 0.12379807692307693
8 0.16466346153846154 0.5420673076923077 0.09375 0.16346153846153846
9 0.2608173076923077 0.5456730769230769 0.06850961538461539 0.13221153846153846
5 0.8233173076923077 0.6286057692307693 0.09014423076923077 0.16706730769230768
11 0.15264423076923078 0.6502403846153846 0.10336538461538461 0.17668269230769232
3 0.7367788461538461 0.6502403846153846 0.07932692307692307 0.13221153846153846
9 0.25600961538461536 0.6550480769230769 0.07692307692307693 0.12620192307692307
5 0.7235576923076923 0.11658653846153846 0.06129807692307692 0.12980769230769232
11 0.25600961538461536 0.12259615384615384 0.0625 0.14423076923076922
3 0.6550480769230769 0.12860576923076922 0.05048076923076923 0.0829326923076923
9 0.32572115384615385 0.140625 0.055288461538461536 0.0985576923076923
2 0.7295673076923077 0.17307692307692307 0.055288461538461536 0.12259615384615384
6 0.5264423076923077 0.1778846153846154 0.07091346153846154 0.14182692307692307
3 0.6550480769230769 0.18870192307692307 0.06129807692307692 0.09975961538461539
9 0.31971153846153844 0.18990384615384615 0.055288461538461536 0.09375
6 0.24278846153846154 0.23557692307692307 0.06009615384615385 0.1466346153846154
8 0.38341346153846156 0.23798076923076922 0.07572115384615384 0.12980769230769232
3 0.6802884615384616 0.24879807692307693 0.06009615384615385 0.09615384615384616
9 0.32211538461538464 0.25600961538461536 0.055288461538461536 0.11177884615384616
1 0.7644230769230769 0.26322115384615385 0.0829326923076923 0.20673076923076922
7 0.21394230769230768 0.2668269230769231 0.07932692307692307 0.20673076923076922
9 0.2956730769230769 0.3161057692307692 0.06129807692307692 0.11538461538461539