10 0.19591346153846154 0.3485576923076923 0.0889423076923077 0.18629807692307693
9 0.3629807692307692 0.45552884615384615 0.06370192307692307 0.12139423076923077
2 0.8185096153846154 0.5288461538461539 0.08533653846153846 0.16346153846153846
8 0.16706730769230768 0.5348557692307693 0.09014423076923077 0.1622596153846154
3 0.7091346153846154 0.5384615384615384 0.06850961538461539 0.12379807692307693
9 0.25961538461538464 0.5420673076923077 0.07091346153846154 0.12379807692307693
5 0.8221153846153846 0.625 0.09615384615384616 0.17548076923076922
3 0.7367788461538461 0.6490384615384616 0.07451923076923077 0.13341346153846154
11 0.15504807692307693 0.6514423076923077 0.0985576923076923 0.17427884615384615
9 0.25600961538461536 0.6514423076923077 0.07211538461538461 0.1346153846153846
7 0.2548076923076923 0.10216346153846154 0.07211538461538461 0.19110576923076922
5 0.7223557692307693 0.12139423076923077 0.05889423076923077 0.13701923076923078
6 0.3942307692307692 0.12740384615384615 0.052884615384615384 0.12980769230769232
3 0.65625 0.13581730769230768 0.05048076923076923 0.09975961538461539
9 0.3269230769230769 0.140625 0.052884615384615384 0.09975961538461539
4 0.3942307692307692 0.16466346153846154 0.06490384615384616 0.15865384615384615
2 0.7283653846153846 0.17548076923076922 0.06129807692307692 0.13942307692307693
9 0.025240384615384616 0.20432692307692307 0.04567307692307692 0.10096153846153846
3 0.08413461538461539 0.21033653846153846 0.055288461538461536 0.09975961538461539
11 0.234375 0.23557692307692307 0.07091346153846154 0.14423076923076922
0 0.7512019230769231 0.23677884615384615 0.057692307692307696 0.140625
3 0.6057692307692307 0.24639423076923078 0.055288461538461536 0.11177884615384616
9 0.38822115384615385 0.25 0.056490384615384616 0.11057692307692307
1 0.7644230769230769 0.265625 0.08413461538461539 0.20793269230769232
9 0.2956730769230769 0.31009615384615385 0.06009615384615385 0.1141826923076923