9 0.3737980769230769 0.3485576923076923 0.056490384615384616 0.09375
10 0.17908653846153846 0.39783653846153844 0.08533653846153846 0.14783653846153846
3 0.5432692307692307 0.4098557692307692 0.06009615384615385 0.09615384615384616
9 0.4543269230769231 0.4170673076923077 0.06370192307692307 0.09495192307692307
3 0.7235576923076923 0.49158653846153844 0.05889423076923077 0.11057692307692307
9 0.2620192307692308 0.5072115384615384 0.06129807692307692 0.1045673076923077
2 0.4387019230769231 0.5877403846153846 0.06610576923076923 0.13942307692307693
8 0.5564903846153846 0.5949519230769231 0.06490384615384616 0.13341346153846154
9 0.3545673076923077 0.6021634615384616 0.06610576923076923 0.11298076923076923
3 0.7463942307692307 0.6153846153846154 0.06490384615384616 0.11177884615384616
5 0.9086538461538461 0.6814903846153846 0.09615384615384616 0.14302884615384615
11 0.10336538461538461 0.7271634615384616 0.0985576923076923 0.1502403846153846
3 0.7872596153846154 0.7319711538461539 0.0829326923076923 0.1201923076923077
9 0.22956730769230768 0.7379807692307693 0.07091346153846154 0.11538461538461539
0 0.5324519230769231 0.14543269230769232 0.046875 0.10697115384615384
5 0.7403846153846154 0.1466346153846154 0.04927884615384615 0.10697115384615384
11 0.2548076923076923 0.15384615384615385 0.046875 0.10817307692307693
3 0.6586538461538461 0.15745192307692307 0.04807692307692308 0.078125
9 0.32572115384615385 0.1658653846153846 0.04927884615384615 0.08774038461538461
3 0.6766826923076923 0.21033653846153846 0.04567307692307692 0.07692307692307693
8 0.234375 0.21033653846153846 0.057692307692307696 0.11538461538461539
9 0.5336538461538461 0.21514423076923078 0.04567307692307692 0.08653846153846154
0 0.7632211538461539 0.25240384615384615 0.055288461538461536 0.11778846153846154
4 0.6237980769230769 0.2536057692307692 0.06009615384615385 0.13942307692307693
3 0.6911057692307693 0.2644230769230769 0.055288461538461536 0.08173076923076923
9 0.46153846153846156 0.2668269230769231 0.04807692307692308 0.09014423076923077
6 0.22115384615384615 0.2704326923076923 0.06129807692307692 0.11057692307692307
7 0.20432692307692307 0.3076923076923077 0.08052884615384616 0.171875
1 0.7944711538461539 0.3076923076923077 0.07692307692307693 0.16826923076923078
3 0.6322115384615384 0.33052884615384615 0.06009615384615385 0.08653846153846154