10 0.3918269230769231 0.35697115384615385 0.07932692307692307 0.18389423076923078
2 0.38100961538461536 0.4411057692307692 0.06850961538461539 0.15745192307692307
9 0.6358173076923077 0.4579326923076923 0.06370192307692307 0.1201923076923077
8 0.8317307692307693 0.5396634615384616 0.0889423076923077 0.15745192307692307
3 0.29086538461538464 0.5420673076923077 0.0673076923076923 0.12620192307692307
9 0.7391826923076923 0.5456730769230769 0.06850961538461539 0.125
5 0.1778846153846154 0.6262019230769231 0.09495192307692307 0.171875
11 0.8449519230769231 0.6502403846153846 0.09735576923076923 0.17427884615384615
9 0.7427884615384616 0.6526442307692307 0.0733173076923077 0.13221153846153846
3 0.2620192307692308 0.6526442307692307 0.07451923076923077 0.13221153846153846
7 0.7463942307692307 0.10697115384615384 0.07091346153846154 0.19110576923076922
4 0.5973557692307693 0.1201923076923077 0.06129807692307692 0.15745192307692307
5 0.2776442307692308 0.12379807692307693 0.057692307692307696 0.13701923076923078
3 0.34375 0.13822115384615385 0.04927884615384615 0.10216346153846154
9 0.6706730769230769 0.140625 0.04447115384615385 0.09375
2 0.27163461538461536 0.17668269230769232 0.06129807692307692 0.13942307692307693
9 0.9735576923076923 0.20432692307692307 0.04807692307692308 0.10096153846153846
3 0.9146634615384616 0.2127403846153846 0.055288461538461536 0.09975961538461539
0 0.24879807692307693 0.23798076923076922 0.056490384615384616 0.13701923076923078
11 0.6935096153846154 0.23918269230769232 0.06370192307692307 0.14423076923076922
3 0.39663461538461536 0.25 0.052884615384615384 0.11177884615384616
9 0.5420673076923077 0.25240384615384615 0.055288461538461536 0.11177884615384616
1 0.23557692307692307 0.265625 0.0829326923076923 0.20673076923076922
6 0.9723557692307693 0.3016826923076923 0.05048076923076923 0.13701923076923078
9 0.7043269230769231 0.3125 0.057692307692307696 0.11177884615384616