9 0.039663461538461536 0.37259615384615385 0.054086538461538464 0.08653846153846154
7 0.27283653846153844 0.3870192307692308 0.0733173076923077 0.1658653846153846
3 0.5444711538461539 0.40865384615384615 0.04927884615384615 0.09254807692307693
9 0.46274038461538464 0.4206730769230769 0.04927884615384615 0.09375
1 0.8365384615384616 0.4519230769230769 0.0829326923076923 0.17427884615384615
8 0.6598557692307693 0.5805288461538461 0.06370192307692307 0.1346153846153846
9 0.3545673076923077 0.5997596153846154 0.057692307692307696 0.10576923076923077
3 0.7463942307692307 0.6045673076923077 0.06009615384615385 0.1045673076923077
9 0.22716346153846154 0.7331730769230769 0.06490384615384616 0.11057692307692307
3 0.7920673076923077 0.734375 0.0673076923076923 0.109375
2 0.09495192307692307 0.7487980769230769 0.09375 0.1346153846153846
11 0.2548076923076923 0.15384615384615385 0.04927884615384615 0.1045673076923077
3 0.6574519230769231 0.15625 0.039663461538461536 0.07932692307692307
0 0.38822115384615385 0.1622596153846154 0.039663461538461536 0.10216346153846154
9 0.3269230769230769 0.1658653846153846 0.040865384615384616 0.08052884615384616
0 0.07091346153846154 0.18990384615384615 0.054086538461538464 0.10216346153846154
9 0.021634615384615384 0.2283653846153846 0.038461538461538464 0.08173076923076923
5 0.7043269230769231 0.24278846153846154 0.05048076923076923 0.11177884615384616
9 0.46153846153846156 0.2668269230769231 0.042067307692307696 0.08533653846153846
6 0.6189903846153846 0.31971153846153844 0.046875 0.1141826923076923
3 0.0673076923076923 0.3233173076923077 0.051682692307692304 0.08413461538461539