6 0.5793269230769231 0.35336538461538464 0.039663461538461536 0.0985576923076923
0 0.42908653846153844 0.36177884615384615 0.039663461538461536 0.09975961538461539
3 0.5120192307692307 0.3641826923076923 0.03125 0.0673076923076923
9 0.3581730769230769 0.3713942307692308 0.03245192307692308 0.07091346153846154
11 0.20072115384615385 0.37259615384615385 0.04567307692307692 0.07932692307692307
2 0.6766826923076923 0.4206730769230769 0.037259615384615384 0.10096153846153846
10 0.34134615384615385 0.4266826923076923 0.06009615384615385 0.12620192307692307
9 0.5997596153846154 0.43509615384615385 0.03245192307692308 0.07211538461538461
8 0.7824519230769231 0.5012019230769231 0.052884615384615384 0.10697115384615384
0 0.34975961538461536 0.5168269230769231 0.04567307692307692 0.09735576923076923
2 0.5036057692307693 0.5240384615384616 0.039663461538461536 0.10096153846153846
4 0.6899038461538461 0.6009615384615384 0.05889423076923077 0.13221153846153846
1 0.15384615384615385 0.6081730769230769 0.07932692307692307 0.13701923076923078
11 0.4170673076923077 0.6310096153846154 0.04326923076923077 0.0889423076923077
9 0.3088942307692308 0.6466346153846154 0.04447115384615385 0.07692307692307693
5 0.23076923076923078 0.7307692307692307 0.057692307692307696 0.09014423076923077
3 0.5084134615384616 0.18389423076923078 0.028846153846153848 0.06370192307692307
3 0.3918269230769231 0.18389423076923078 0.026442307692307692 0.06490384615384616
3 0.25961538461538464 0.19471153846153846 0.03245192307692308 0.06370192307692307
5 0.7223557692307693 0.21875 0.036057692307692304 0.07692307692307693
3 0.6478365384615384 0.23197115384615385 0.027644230769230768 0.06370192307692307
9 0.43990384615384615 0.24759615384615385 0.030048076923076924 0.06610576923076923
8 0.7283653846153846 0.2692307692307692 0.04326923076923077 0.10216346153846154
7 0.2283653846153846 0.2776442307692308 0.05889423076923077 0.13221153846153846
9 0.6442307692307693 0.2920673076923077 0.03125 0.0673076923076923
3 0.5144230769230769 0.2932692307692308 0.028846153846153848 0.06610576923076923