4 0.4206730769230769 0.35216346153846156 0.04326923076923077 0.125
0 0.7223557692307693 0.36538461538461536 0.04326923076923077 0.09495192307692307
3 0.5528846153846154 0.36899038461538464 0.03125 0.0673076923076923
11 0.7992788461538461 0.3713942307692308 0.04567307692307692 0.08052884615384616
3 0.23918269230769232 0.37740384615384615 0.03365384615384615 0.06490384615384616
10 0.49158653846153844 0.4254807692307692 0.04567307692307692 0.12620192307692307
6 0.3161057692307692 0.4266826923076923 0.039663461538461536 0.10216346153846154
9 0.6682692307692307 0.4375 0.03365384615384615 0.06610576923076923
6 0.7139423076923077 0.4567307692307692 0.04447115384615385 0.09615384615384616
9 0.8112980769230769 0.4735576923076923 0.04326923076923077 0.07091346153846154
7 0.6670673076923077 0.49278846153846156 0.057692307692307696 0.13701923076923078
8 0.22956730769230768 0.5012019230769231 0.05048076923076923 0.1045673076923077
0 0.8377403846153846 0.546875 0.05889423076923077 0.09615384615384616
9 0.4074519230769231 0.5492788461538461 0.03245192307692308 0.06850961538461539
8 0.21875 0.6165865384615384 0.05048076923076923 0.10096153846153846
9 0.4014423076923077 0.6322115384615384 0.03485576923076923 0.07211538461538461
9 0.6610576923076923 0.6322115384615384 0.037259615384615384 0.06971153846153846
11 0.5805288461538461 0.6346153846153846 0.042067307692307696 0.08653846153846154
2 0.5889423076923077 0.7103365384615384 0.04567307692307692 0.10697115384615384
9 0.7512019230769231 0.7548076923076923 0.04567307692307692 0.0733173076923077
9 0.21153846153846154 0.7740384615384616 0.04567307692307692 0.07572115384615384
3 0.7391826923076923 0.1935096153846154 0.03125 0.06129807692307692
5 0.2776442307692308 0.22115384615384615 0.03485576923076923 0.078125
3 0.35216346153846156 0.23076923076923078 0.026442307692307692 0.0625
3 0.484375 0.23317307692307693 0.026442307692307692 0.0625
5 0.6911057692307693 0.23798076923076922 0.037259615384615384 0.07932692307692307
3 0.5649038461538461 0.23798076923076922 0.027644230769230768 0.0625
2 0.47716346153846156 0.2800480769230769 0.03365384615384615 0.09615384615384616
1 0.7896634615384616 0.2860576923076923 0.057692307692307696 0.12980769230769232
9 0.3557692307692308 0.2920673076923077 0.028846153846153848 0.06490384615384616
3 0.5600961538461539 0.3016826923076923 0.028846153846153848 0.06490384615384616
3 0.7175480769230769 0.3112980769230769 0.03245192307692308 0.06610576923076923