6 0.9627403846153846 0.33533653846153844 0.057692307692307696 0.1045673076923077
6 0.9759615384615384 0.3701923076923077 0.046875 0.09615384615384616
5 0.9723557692307693 0.4735576923076923 0.05048076923076923 0.09615384615384616
11 0.5360576923076923 0.5997596153846154 0.04447115384615385 0.10096153846153846
9 0.9050480769230769 0.7487980769230769 0.06129807692307692 0.08533653846153846
3 0.4375 0.7632211538461539 0.04567307692307692 0.08774038461538461
3 0.6069711538461539 0.16826923076923078 0.027644230769230768 0.0625
8 0.47115384615384615 0.19951923076923078 0.03365384615384615 0.10817307692307693
9 0.9567307692307693 0.2091346153846154 0.03485576923076923 0.06490384615384616
9 0.9399038461538461 0.21394230769230768 0.02403846153846154 0.0625
9 0.921875 0.2283653846153846 0.038461538461538464 0.0673076923076923
9 0.39302884615384615 0.26802884615384615 0.028846153846153848 0.06971153846153846