1 0.7872596153846154 0.33533653846153844 0.09014423076923077 0.21634615384615385
9 0.4495192307692308 0.3798076923076923 0.0625 0.1201923076923077
3 0.7079326923076923 0.5420673076923077 0.07091346153846154 0.12980769230769232
9 0.2608173076923077 0.5432692307692307 0.06850961538461539 0.12740384615384615
8 0.17307692307692307 0.5504807692307693 0.0889423076923077 0.16346153846153846
10 0.3485576923076923 0.6081730769230769 0.09615384615384616 0.21033653846153846
5 0.8209134615384616 0.6225961538461539 0.09495192307692307 0.17307692307692307
11 0.15504807692307693 0.6490384615384616 0.09975961538461539 0.17427884615384615
3 0.7379807692307693 0.6502403846153846 0.07572115384615384 0.13581730769230768
9 0.25600961538461536 0.6514423076923077 0.0733173076923077 0.13581730769230768
7 0.2548076923076923 0.10336538461538461 0.0733173076923077 0.19230769230769232
5 0.7223557692307693 0.12259615384615384 0.057692307692307696 0.13942307692307693
3 0.6550480769230769 0.13822115384615385 0.051682692307692304 0.1045673076923077
9 0.328125 0.14302884615384615 0.05048076923076923 0.0985576923076923
2 0.7283653846153846 0.17548076923076922 0.0625 0.14182692307692307
9 0.025240384615384616 0.20192307692307693 0.04927884615384615 0.09735576923076923
3 0.08533653846153846 0.21153846153846154 0.056490384615384616 0.10096153846153846
4 0.5372596153846154 0.21995192307692307 0.06850961538461539 0.17067307692307693
0 0.7524038461538461 0.23798076923076922 0.06129807692307692 0.14543269230769232
3 0.6045673076923077 0.24879807692307693 0.056490384615384616 0.11057692307692307
9 0.45913461538461536 0.25 0.054086538461538464 0.11177884615384616
11 0.3713942307692308 0.28966346153846156 0.06370192307692307 0.15264423076923078
9 0.2920673076923077 0.31009615384615385 0.06009615384615385 0.11298076923076923