0 0.6177884615384616 0.33413461538461536 0.042067307692307696 0.11298076923076923
3 0.46153846153846156 0.34375 0.03245192307692308 0.07692307692307693
0 0.1814903846153846 0.39783653846153844 0.051682692307692304 0.11658653846153846
5 0.5432692307692307 0.4074519230769231 0.038461538461538464 0.0985576923076923
9 0.44591346153846156 0.41466346153846156 0.036057692307692304 0.078125
3 0.640625 0.4254807692307692 0.037259615384615384 0.078125
1 0.5528846153846154 0.4831730769230769 0.054086538461538464 0.16826923076923078
3 0.35697115384615385 0.5084134615384616 0.037259615384615384 0.08533653846153846
9 0.44350961538461536 0.5865384615384616 0.04326923076923077 0.08774038461538461
2 0.6526442307692307 0.6021634615384616 0.05048076923076923 0.12259615384615384
3 0.23798076923076922 0.6033653846153846 0.04447115384615385 0.08653846153846154
9 0.8605769230769231 0.6057692307692307 0.055288461538461536 0.09254807692307693
8 0.9230769230769231 0.6959134615384616 0.078125 0.125
3 0.44711538461538464 0.7079326923076923 0.04567307692307692 0.09134615384615384
2 0.10216346153846154 0.7139423076923077 0.07451923076923077 0.12980769230769232
3 0.5552884615384616 0.7295673076923077 0.04447115384615385 0.09254807692307693
9 0.8149038461538461 0.7548076923076923 0.055288461538461536 0.09495192307692307
7 0.6754807692307693 0.14182692307692307 0.046875 0.13822115384615385
8 0.35096153846153844 0.14543269230769232 0.036057692307692304 0.10697115384615384
9 0.28365384615384615 0.1502403846153846 0.030048076923076924 0.06850961538461539
11 0.4675480769230769 0.15865384615384615 0.03365384615384615 0.07932692307692307
9 0.5637019230769231 0.1778846153846154 0.030048076923076924 0.06850961538461539
6 0.24879807692307693 0.19110576923076922 0.039663461538461536 0.1045673076923077
6 0.3425480769230769 0.19951923076923078 0.037259615384615384 0.10216346153846154
4 0.6778846153846154 0.19951923076923078 0.05048076923076923 0.13221153846153846
9 0.7512019230769231 0.21995192307692307 0.03245192307692308 0.07211538461538461
9 0.4831730769230769 0.2247596153846154 0.030048076923076924 0.07091346153846154
11 0.23798076923076922 0.265625 0.042067307692307696 0.08774038461538461
5 0.5408653846153846 0.2668269230769231 0.036057692307692304 0.09014423076923077
3 0.7055288461538461 0.27283653846153844 0.03365384615384615 0.07451923076923077
3 0.3918269230769231 0.2764423076923077 0.03125 0.07451923076923077
10 0.7992788461538461 0.32211538461538464 0.06610576923076923 0.14182692307692307