9 0.021634615384615384 0.43990384615384615 0.042067307692307696 0.10697115384615384
11 0.5300480769230769 0.046875 0.04567307692307692 0.09375
0 0.16947115384615385 0.04927884615384615 0.04807692307692308 0.0985576923076923
5 0.21754807692307693 0.057692307692307696 0.04807692307692308 0.11538461538461539
2 0.3245192307692308 0.06370192307692307 0.046875 0.11658653846153846
8 0.25841346153846156 0.07451923076923077 0.054086538461538464 0.09615384615384616
5 0.054086538461538464 0.10096153846153846 0.06490384615384616 0.1201923076923077
10 0.5973557692307693 0.10817307692307693 0.06129807692307692 0.15504807692307693
9 0.15625 0.12860576923076922 0.04927884615384615 0.09495192307692307
1 0.6009615384615384 0.14423076923076922 0.06370192307692307 0.1971153846153846
9 0.026442307692307692 0.20432692307692307 0.04807692307692308 0.10096153846153846
3 0.08653846153846154 0.2127403846153846 0.054086538461538464 0.0985576923076923
8 0.45072115384615385 0.23557692307692307 0.056490384615384616 0.14543269230769232
7 0.6105769230769231 0.265625 0.06971153846153846 0.2091346153846154
3 0.04807692307692308 0.3161057692307692 0.06129807692307692 0.10336538461538461