9 0.6105769230769231 0.34375 0.03485576923076923 0.078125
3 0.4495192307692308 0.4170673076923077 0.03485576923076923 0.078125
3 0.7175480769230769 0.42427884615384615 0.037259615384615384 0.07692307692307693
3 0.2860576923076923 0.42788461538461536 0.038461538461538464 0.07932692307692307
9 0.5673076923076923 0.5240384615384616 0.037259615384615384 0.078125
5 0.75 0.5925480769230769 0.054086538461538464 0.1045673076923077
2 0.35336538461538464 0.5949519230769231 0.05889423076923077 0.1201923076923077
8 0.5528846153846154 0.6057692307692307 0.04807692307692308 0.12379807692307693
5 0.1045673076923077 0.13822115384615385 0.056490384615384616 0.039663461538461536
11 0.6682692307692307 0.15745192307692307 0.03245192307692308 0.07692307692307693
6 0.140625 0.15865384615384615 0.040865384615384616 0.07572115384615384
2 0.6754807692307693 0.1971153846153846 0.039663461538461536 0.1045673076923077
6 0.5384615384615384 0.20673076923076922 0.037259615384615384 0.1045673076923077
3 0.38461538461538464 0.21995192307692307 0.027644230769230768 0.06850961538461539
8 0.37740384615384615 0.25841346153846156 0.042067307692307696 0.11057692307692307
9 0.6778846153846154 0.27524038461538464 0.03245192307692308 0.07091346153846154
2 0.46033653846153844 0.31971153846153844 0.038461538461538464 0.109375