9 0.39302884615384615 0.3798076923076923 0.06129807692307692 0.11778846153846154
9 0.9795673076923077 0.4387019230769231 0.039663461538461536 0.10336538461538461
11 0.47115384615384615 0.04447115384615385 0.04447115384615385 0.0889423076923077
0 0.8317307692307693 0.04807692307692308 0.04567307692307692 0.09495192307692307
5 0.7836538461538461 0.056490384615384616 0.04567307692307692 0.11298076923076923
4 0.5492788461538461 0.057692307692307696 0.055288461538461536 0.11538461538461539
2 0.6754807692307693 0.06129807692307692 0.04567307692307692 0.1141826923076923
3 0.4675480769230769 0.6514423076923077 0.07091346153846154 0.13221153846153846
8 0.7427884615384616 0.07091346153846154 0.05048076923076923 0.09735576923076923
5 0.9471153846153846 0.0985576923076923 0.06370192307692307 0.12259615384615384
11 0.265625 0.11658653846153846 0.06009615384615385 0.13581730769230768
10 0.328125 0.15865384615384615 0.06971153846153846 0.16947115384615385
9 0.9735576923076923 0.20192307692307693 0.04807692307692308 0.10096153846153846
1 0.46274038461538464 0.20673076923076922 0.06370192307692307 0.19831730769230768
3 0.9146634615384616 0.2091346153846154 0.055288461538461536 0.0985576923076923
7 0.6177884615384616 0.2692307692307692 0.07091346153846154 0.20552884615384615
3 0.953125 0.3137019230769231 0.06129807692307692 0.10336538461538461