9 0.9591346153846154 0.3713942307692308 0.056490384615384616 0.08533653846153846
7 0.7271634615384616 0.3858173076923077 0.07211538461538461 0.1658653846153846
9 0.5456730769230769 0.4182692307692308 0.04927884615384615 0.09495192307692307
1 0.16466346153846154 0.453125 0.08173076923076923 0.17307692307692307
9 0.5480769230769231 0.5949519230769231 0.056490384615384616 0.10697115384615384
3 0.44711538461538464 0.5997596153846154 0.055288461538461536 0.10336538461538461
3 0.42908653846153844 0.7175480769230769 0.06009615384615385 0.11177884615384616
3 0.34134615384615385 0.15745192307692307 0.037259615384615384 0.078125
9 0.6730769230769231 0.16466346153846154 0.039663461538461536 0.078125
9 0.9783653846153846 0.1658653846153846 0.038461538461538464 0.07692307692307693
0 0.9278846153846154 0.18870192307692307 0.055288461538461536 0.10216346153846154
11 0.7668269230769231 0.20673076923076922 0.054086538461538464 0.10817307692307693
9 0.9771634615384616 0.22716346153846154 0.040865384615384616 0.07932692307692307
5 0.9158653846153846 0.234375 0.06009615384615385 0.10336538461538461
8 0.24639423076923078 0.25 0.05048076923076923 0.1141826923076923
0 0.9362980769230769 0.27163461538461536 0.056490384615384616 0.10096153846153846
3 0.9338942307692307 0.3245192307692308 0.051682692307692304 0.08413461538461539