3 0.3004807692307692 0.33653846153846156 0.036057692307692304 0.07211538461538461
0 0.7091346153846154 0.3894230769230769 0.04567307692307692 0.1141826923076923
4 0.4519230769230769 0.39302884615384615 0.04927884615384615 0.1466346153846154
8 0.5348557692307693 0.40024038461538464 0.042067307692307696 0.11658653846153846
9 0.18870192307692307 0.4206730769230769 0.04326923076923077 0.08173076923076923
2 0.6454326923076923 0.4831730769230769 0.04567307692307692 0.11658653846153846
11 0.43990384615384615 0.5048076923076923 0.042067307692307696 0.0985576923076923
3 0.15264423076923078 0.5072115384615384 0.04567307692307692 0.08533653846153846
1 0.24759615384615385 0.5516826923076923 0.07451923076923077 0.171875
5 0.5564903846153846 0.5961538461538461 0.04326923076923077 0.1045673076923077
3 0.7596153846153846 0.5985576923076923 0.04447115384615385 0.08413461538461539
3 0.4567307692307692 0.5997596153846154 0.038461538461538464 0.08653846153846154
3 0.7872596153846154 0.7091346153846154 0.051682692307692304 0.08653846153846154
6 0.359375 0.7091346153846154 0.056490384615384616 0.12740384615384615
0 0.5552884615384616 0.7223557692307693 0.054086538461538464 0.12379807692307693
9 0.10697115384615384 0.7271634615384616 0.05889423076923077 0.0889423076923077
3 0.22596153846153846 0.7524038461538461 0.054086538461538464 0.09134615384615384
6 0.5360576923076923 0.1502403846153846 0.03485576923076923 0.0985576923076923
3 0.7247596153846154 0.15865384615384615 0.030048076923076924 0.06850961538461539
9 0.6069711538461539 0.1622596153846154 0.03125 0.06370192307692307
9 0.40384615384615385 0.1658653846153846 0.028846153846153848 0.06610576923076923
11 0.3161057692307692 0.1658653846153846 0.036057692307692304 0.08052884615384616
7 0.6105769230769231 0.18269230769230768 0.040865384615384616 0.14182692307692307
8 0.23197115384615385 0.20673076923076922 0.046875 0.10817307692307693
9 0.5288461538461539 0.21875 0.028846153846153848 0.06610576923076923
9 0.4483173076923077 0.2247596153846154 0.026442307692307692 0.0673076923076923
5 0.7680288461538461 0.25600961538461536 0.040865384615384616 0.08533653846153846
2 0.6189903846153846 0.2620192307692308 0.036057692307692304 0.10817307692307693
3 0.5372596153846154 0.27283653846153844 0.030048076923076924 0.07451923076923077
9 0.38221153846153844 0.28365384615384615 0.030048076923076924 0.07211538461538461
9 0.22115384615384615 0.2860576923076923 0.036057692307692304 0.0733173076923077
10 0.46274038461538464 0.3137019230769231 0.04447115384615385 0.13942307692307693