9 0.4639423076923077 0.33533653846153844 0.03485576923076923 0.07572115384615384
3 0.2824519230769231 0.4254807692307692 0.037259615384615384 0.07692307692307693
3 0.6346153846153846 0.42908653846153844 0.037259615384615384 0.07932692307692307
9 0.8341346153846154 0.5108173076923077 0.04567307692307692 0.078125
8 0.453125 0.5877403846153846 0.05048076923076923 0.12740384615384615
5 0.25 0.5925480769230769 0.054086538461538464 0.10817307692307693
2 0.6610576923076923 0.6021634615384616 0.06009615384615385 0.12259615384615384
0 0.09735576923076923 0.7199519230769231 0.07692307692307693 0.12740384615384615
5 0.8966346153846154 0.13822115384615385 0.057692307692307696 0.042067307692307696
2 0.2644230769230769 0.14783653846153846 0.038461538461538464 0.0985576923076923
6 0.859375 0.15625 0.040865384615384616 0.07572115384615384
3 0.546875 0.17307692307692307 0.02403846153846154 0.06370192307692307
6 0.46153846153846156 0.20552884615384615 0.037259615384615384 0.1045673076923077
11 0.5504807692307693 0.21995192307692307 0.03365384615384615 0.08533653846153846
3 0.6850961538461539 0.2247596153846154 0.030048076923076924 0.06850961538461539
8 0.6237980769230769 0.2620192307692308 0.037259615384615384 0.11057692307692307
9 0.32211538461538464 0.27524038461538464 0.03365384615384615 0.0733173076923077