0 0.4639423076923077 0.33774038461538464 0.039663461538461536 0.109375
10 0.6382211538461539 0.40024038461538464 0.057692307692307696 0.14783653846153846
3 0.28966346153846156 0.4110576923076923 0.037259615384615384 0.07572115384615384
3 0.8293269230769231 0.42908653846153844 0.04447115384615385 0.078125
3 0.47716346153846156 0.42908653846153844 0.03365384615384615 0.07692307692307693
8 0.6454326923076923 0.4891826923076923 0.04927884615384615 0.1201923076923077
3 0.38100961538461536 0.49759615384615385 0.037259615384615384 0.08173076923076923
0 0.45072115384615385 0.5 0.04567307692307692 0.11899038461538461
9 0.7175480769230769 0.052884615384615384 0.026442307692307692 0.05889423076923077
4 0.5516826923076923 0.5817307692307693 0.055288461538461536 0.15985576923076922
3 0.7800480769230769 0.6141826923076923 0.04807692307692308 0.08533653846153846
9 0.24759615384615385 0.6201923076923077 0.046875 0.08533653846153846
9 0.6213942307692307 0.0625 0.038461538461538464 0.03485576923076923
5 0.47115384615384615 0.6274038461538461 0.046875 0.1045673076923077
6 0.6622596153846154 0.703125 0.056490384615384616 0.125
2 0.3425480769230769 0.7247596153846154 0.06009615384615385 0.12259615384615384
9 0.9194711538461539 0.7512019230769231 0.06009615384615385 0.08653846153846154
3 0.5048076923076923 0.08413461538461539 0.02283653846153846 0.05889423076923077
11 0.5973557692307693 0.09014423076923077 0.027644230769230768 0.06850961538461539
9 0.6394230769230769 0.09975961538461539 0.02403846153846154 0.0625
6 0.4807692307692308 0.16105769230769232 0.03365384615384615 0.0985576923076923
9 0.6057692307692307 0.17307692307692307 0.018028846153846152 0.06610576923076923
3 0.6826923076923077 0.17548076923076922 0.028846153846153848 0.06610576923076923
1 0.6165865384615384 0.18870192307692307 0.04447115384615385 0.14543269230769232
5 0.43509615384615385 0.2091346153846154 0.03125 0.0829326923076923
9 0.26322115384615385 0.21514423076923078 0.03365384615384615 0.07211538461538461
9 0.7704326923076923 0.23798076923076922 0.03485576923076923 0.06850961538461539
2 0.38822115384615385 0.25240384615384615 0.036057692307692304 0.10576923076923077
8 0.6262019230769231 0.26802884615384615 0.037259615384615384 0.10817307692307693
3 0.47115384615384615 0.2704326923076923 0.030048076923076924 0.07091346153846154
7 0.5552884615384616 0.3161057692307692 0.04447115384615385 0.15504807692307693
11 0.31971153846153844 0.32572115384615385 0.039663461538461536 0.0889423076923077