9 0.7019230769230769 0.34134615384615385 0.04807692307692308 0.0889423076923077
9 0.19591346153846154 0.39783653846153844 0.051682692307692304 0.09495192307692307
3 0.3629807692307692 0.4026442307692308 0.04807692307692308 0.09134615384615384
3 0.28365384615384615 0.40384615384615385 0.05048076923076923 0.09254807692307693
8 0.44591346153846156 0.40384615384615385 0.05048076923076923 0.11899038461538461
3 0.6322115384615384 0.41346153846153844 0.04927884615384615 0.09254807692307693
6 0.36778846153846156 0.4855769230769231 0.054086538461538464 0.12620192307692307
3 0.5264423076923077 0.4855769230769231 0.05048076923076923 0.09615384615384616
3 0.16706730769230768 0.48677884615384615 0.056490384615384616 0.0985576923076923
11 0.7391826923076923 0.49038461538461536 0.0673076923076923 0.1310096153846154
9 0.45072115384615385 0.4987980769230769 0.04927884615384615 0.09495192307692307
1 0.24759615384615385 0.5372596153846154 0.08173076923076923 0.17307692307692307
4 0.47475961538461536 0.578125 0.06971153846153846 0.1622596153846154
2 0.6514423076923077 0.5829326923076923 0.057692307692307696 0.12740384615384615
5 0.0985576923076923 0.6959134615384616 0.09254807692307693 0.14543269230769232
9 0.5540865384615384 0.7295673076923077 0.05889423076923077 0.11177884615384616
6 0.7800480769230769 0.7307692307692307 0.0733173076923077 0.13581730769230768
5 0.265625 0.14182692307692307 0.04447115384615385 0.10336538461538461
0 0.35096153846153844 0.14302884615384615 0.037259615384615384 0.10096153846153846
9 0.5432692307692307 0.15384615384615385 0.036057692307692304 0.078125
9 0.7415865384615384 0.17548076923076922 0.042067307692307696 0.078125
3 0.39903846153846156 0.20432692307692307 0.03485576923076923 0.08052884615384616
10 0.3245192307692308 0.20552884615384615 0.056490384615384616 0.12860576923076922
9 0.5408653846153846 0.20673076923076922 0.039663461538461536 0.07932692307692307
2 0.6153846153846154 0.21033653846153846 0.042067307692307696 0.10697115384615384
3 0.6923076923076923 0.22716346153846154 0.04326923076923077 0.08052884615384616
11 0.3894230769230769 0.24759615384615385 0.04447115384615385 0.109375
0 0.5432692307692307 0.2536057692307692 0.04326923076923077 0.10336538461538461
7 0.8004807692307693 0.25600961538461536 0.06971153846153846 0.15745192307692307
8 0.5408653846153846 0.32091346153846156 0.04807692307692308 0.11658653846153846
3 0.30528846153846156 0.3269230769230769 0.04567307692307692 0.08533653846153846
9 0.38822115384615385 0.33052884615384615 0.04447115384615385 0.08774038461538461