9 0.2824519230769231 0.34615384615384615 0.03485576923076923 0.07451923076923077
1 0.8076923076923077 0.3737980769230769 0.07451923076923077 0.1658653846153846
10 0.1935096153846154 0.390625 0.06971153846153846 0.15144230769230768
9 0.5420673076923077 0.41947115384615385 0.037259615384615384 0.078125
9 0.44591346153846156 0.5 0.039663461538461536 0.08774038461538461
3 0.5516826923076923 0.5096153846153846 0.039663461538461536 0.0829326923076923
0 0.8617788461538461 0.5949519230769231 0.06850961538461539 0.12379807692307693
9 0.359375 0.6009615384615384 0.04447115384615385 0.08653846153846154
3 0.6454326923076923 0.6021634615384616 0.04326923076923077 0.08653846153846154
5 0.9146634615384616 0.7295673076923077 0.07572115384615384 0.11057692307692307
9 0.24639423076923078 0.7307692307692307 0.052884615384615384 0.09375
3 0.7824519230769231 0.734375 0.054086538461538464 0.09134615384615384
11 0.09975961538461539 0.7355769230769231 0.0733173076923077 0.11177884615384616
6 0.38221153846153844 0.15745192307692307 0.038461538461538464 0.10576923076923077
11 0.24519230769230768 0.15985576923076922 0.039663461538461536 0.08052884615384616
5 0.7319711538461539 0.1622596153846154 0.037259615384615384 0.08413461538461539
3 0.6670673076923077 0.16947115384615385 0.028846153846153848 0.06490384615384616
9 0.32091346153846156 0.16947115384615385 0.028846153846153848 0.07091346153846154
6 0.6694711538461539 0.19591346153846154 0.038461538461538464 0.10336538461538461
3 0.5985576923076923 0.21514423076923078 0.030048076923076924 0.06971153846153846
9 0.39663461538461536 0.22115384615384615 0.03125 0.06850961538461539
7 0.3088942307692308 0.24759615384615385 0.051682692307692304 0.1502403846153846
3 0.6983173076923077 0.27403846153846156 0.03365384615384615 0.07211538461538461
8 0.02403846153846154 0.31490384615384615 0.04326923076923077 0.10096153846153846
3 0.6766826923076923 0.33052884615384615 0.03365384615384615 0.07572115384615384