9 0.6057692307692307 0.38100961538461536 0.05889423076923077 0.11658653846153846
1 0.7992788461538461 0.40384615384615385 0.09495192307692307 0.21995192307692307
10 0.6286057692307693 0.42908653846153844 0.08774038461538461 0.18990384615384615
11 0.1778846153846154 0.44350961538461536 0.08413461538461539 0.16105769230769232
11 0.5300480769230769 0.046875 0.04447115384615385 0.09254807692307693
0 0.16826923076923078 0.04807692307692308 0.04567307692307692 0.09495192307692307
9 0.25961538461538464 0.5432692307692307 0.06850961538461539 0.12259615384615384
5 0.21754807692307693 0.056490384615384616 0.04567307692307692 0.11177884615384616
4 0.4519230769230769 0.05889423076923077 0.05048076923076923 0.11778846153846154
5 0.8209134615384616 0.6237980769230769 0.09495192307692307 0.17307692307692307
2 0.3245192307692308 0.06370192307692307 0.04807692307692308 0.11538461538461539
3 0.7379807692307693 0.6514423076923077 0.0733173076923077 0.1310096153846154
9 0.25721153846153844 0.6514423076923077 0.07451923076923077 0.1310096153846154
8 0.25841346153846156 0.0733173076923077 0.052884615384615384 0.09735576923076923
9 0.5216346153846154 0.13341346153846154 0.046875 0.10096153846153846
9 0.3329326923076923 0.14302884615384615 0.05048076923076923 0.10576923076923077
7 0.24639423076923078 0.15745192307692307 0.07692307692307693 0.19831730769230768
9 0.025240384615384616 0.20432692307692307 0.04927884615384615 0.0985576923076923
3 0.08533653846153846 0.21153846153846154 0.055288461538461536 0.09975961538461539
3 0.6057692307692307 0.24879807692307693 0.055288461538461536 0.11057692307692307
9 0.5192307692307693 0.2512019230769231 0.054086538461538464 0.11177884615384616
3 0.04807692307692308 0.31490384615384615 0.0625 0.1045673076923077
9 0.4483173076923077 0.31490384615384615 0.056490384615384616 0.11298076923076923