0 0.29086538461538464 0.6117788461538461 0.052884615384615384 0.1346153846153846
9 0.5528846153846154 0.7331730769230769 0.05048076923076923 0.10576923076923077
4 0.21754807692307693 0.29447115384615385 0.06971153846153846 0.15625
1 0.20552884615384615 0.37259615384615385 0.06971153846153846 0.18990384615384615
0 0.24879807692307693 0.21153846153846154 0.04807692307692308 0.13221153846153846
5 0.15985576923076922 0.734375 0.07211538461538461 0.13221153846153846
5 0.2608173076923077 0.06490384615384616 0.05048076923076923 0.11538461538461539
2 0.5588942307692307 0.3942307692307692 0.05048076923076923 0.13701923076923078
2 0.41225961538461536 0.12980769230769232 0.04567307692307692 0.12740384615384615
3 0.34134615384615385 0.0625 0.04326923076923077 0.09134615384615384
3 0.33533653846153844 0.14302884615384615 0.038461538461538464 0.09375
3 0.3245192307692308 0.22596153846153846 0.04326923076923077 0.10096153846153846
3 0.30288461538461536 0.4014423076923077 0.04807692307692308 0.10096153846153846
3 0.2932692307692308 0.5048076923076923 0.04807692307692308 0.10096153846153846
3 0.35697115384615385 0.7415865384615384 0.052884615384615384 0.11298076923076923
3 0.38461538461538464 0.6153846153846154 0.05048076923076923 0.10576923076923077
3 0.4831730769230769 0.29927884615384615 0.04326923076923077 0.10096153846153846
10 0.8137019230769231 0.2776442307692308 0.06490384615384616 0.16826923076923078
7 0.8257211538461539 0.3641826923076923 0.07211538461538461 0.1875
6 0.8076923076923077 0.20192307692307693 0.05048076923076923 0.13221153846153846
6 0.8401442307692307 0.4879807692307692 0.057692307692307696 0.13701923076923078
11 0.7475961538461539 0.7427884615384616 0.0673076923076923 0.12980769230769232
11 0.7920673076923077 0.054086538461538464 0.05048076923076923 0.10817307692307693
8 0.6358173076923077 0.19831730769230768 0.05048076923076923 0.12980769230769232
8 0.8341346153846154 0.5997596153846154 0.0673076923076923 0.14423076923076922
9 0.5637019230769231 0.3004807692307692 0.04326923076923077 0.10096153846153846
9 0.5721153846153846 0.140625 0.04567307692307692 0.10096153846153846
9 0.7151442307692307 0.056490384615384616 0.040865384615384616 0.0985576923076923
9 0.71875 0.22355769230769232 0.04567307692307692 0.10096153846153846
9 0.7247596153846154 0.40865384615384615 0.04567307692307692 0.10336538461538461
9 0.734375 0.5108173076923077 0.04807692307692308 0.10096153846153846
9 0.7367788461538461 0.6141826923076923 0.05048076923076923 0.10576923076923077