9 0.453125 0.34134615384615385 0.03245192307692308 0.07572115384615384
3 0.7896634615384616 0.34615384615384615 0.038461538461538464 0.07451923076923077
9 0.21153846153846154 0.35336538461538464 0.042067307692307696 0.07932692307692307
9 0.5588942307692307 0.515625 0.037259615384615384 0.08052884615384616
5 0.75 0.5925480769230769 0.054086538461538464 0.1045673076923077
8 0.3473557692307692 0.5985576923076923 0.055288461538461536 0.12860576923076922
3 0.13581730769230768 0.6298076923076923 0.052884615384615384 0.08533653846153846
5 0.0829326923076923 0.14302884615384615 0.056490384615384616 0.039663461538461536
6 0.140625 0.15745192307692307 0.040865384615384616 0.07572115384615384
6 0.6670673076923077 0.19110576923076922 0.038461538461538464 0.1045673076923077
11 0.45072115384615385 0.21875 0.03245192307692308 0.0829326923076923
3 0.30408653846153844 0.22115384615384615 0.03125 0.0673076923076923
3 0.6165865384615384 0.28365384615384615 0.03245192307692308 0.07211538461538461