9 0.29447115384615385 0.3449519230769231 0.04807692307692308 0.08653846153846154
4 0.8149038461538461 0.3870192307692308 0.078125 0.1466346153846154
10 0.17908653846153846 0.39663461538461536 0.08173076923076923 0.14543269230769232
3 0.5444711538461539 0.4098557692307692 0.046875 0.09254807692307693
9 0.45072115384615385 0.41466346153846156 0.04807692307692308 0.09375
0 0.8449519230769231 0.47596153846153844 0.08173076923076923 0.12379807692307693
3 0.7235576923076923 0.4891826923076923 0.055288461538461536 0.09975961538461539
8 0.35697115384615385 0.49158653846153844 0.06009615384615385 0.12740384615384615
6 0.16346153846153846 0.5012019230769231 0.06850961538461539 0.12620192307692307
9 0.2608173076923077 0.5084134615384616 0.055288461538461536 0.09735576923076923
2 0.8605769230769231 0.5793269230769231 0.0889423076923077 0.12740384615384615
3 0.7451923076923077 0.6105769230769231 0.06009615384615385 0.10216346153846154
9 0.2512019230769231 0.6141826923076923 0.06009615384615385 0.10336538461538461
5 0.9098557692307693 0.6850961538461539 0.09375 0.14182692307692307
11 0.10336538461538461 0.7247596153846154 0.09735576923076923 0.14423076923076922
3 0.7896634615384616 0.7295673076923077 0.06610576923076923 0.109375
9 0.22716346153846154 0.7331730769230769 0.0673076923076923 0.10817307692307693
5 0.7487980769230769 0.14543269230769232 0.06490384615384616 0.10336538461538461
11 0.2536057692307692 0.15264423076923078 0.04927884615384615 0.10336538461538461
3 0.6586538461538461 0.15625 0.039663461538461536 0.07932692307692307
9 0.3269230769230769 0.16466346153846154 0.038461538461538464 0.07932692307692307
8 0.23076923076923078 0.2127403846153846 0.05048076923076923 0.109375
3 0.6754807692307693 0.21394230769230768 0.042067307692307696 0.0829326923076923
9 0.31850961538461536 0.21875 0.042067307692307696 0.07932692307692307
0 0.7728365384615384 0.25240384615384615 0.07451923076923077 0.109375
2 0.6117788461538461 0.2548076923076923 0.04447115384615385 0.11057692307692307
3 0.6911057692307693 0.265625 0.04447115384615385 0.08533653846153846
6 0.22596153846153846 0.26802884615384615 0.05048076923076923 0.11177884615384616
9 0.30408653846153844 0.27403846153846156 0.04447115384615385 0.08653846153846154
1 0.7860576923076923 0.3004807692307692 0.07091346153846154 0.15985576923076922
7 0.203125 0.3125 0.0733173076923077 0.16346153846153846
3 0.7019230769230769 0.33052884615384615 0.046875 0.09014423076923077