9 0.2824519230769231 0.3473557692307692 0.03365384615384615 0.07451923076923077
4 0.8100961538461539 0.3737980769230769 0.06971153846153846 0.14543269230769232
10 0.1935096153846154 0.3918269230769231 0.07091346153846154 0.1466346153846154
2 0.5360576923076923 0.4026442307692308 0.040865384615384616 0.1141826923076923
9 0.4495192307692308 0.421875 0.036057692307692304 0.078125
2 0.8317307692307693 0.47115384615384615 0.06009615384615385 0.11778846153846154
3 0.7451923076923077 0.49759615384615385 0.042067307692307696 0.08173076923076923
9 0.44591346153846156 0.5012019230769231 0.040865384615384616 0.08413461538461539
6 0.15384615384615385 0.5036057692307693 0.06009615384615385 0.11778846153846154
0 0.8617788461538461 0.59375 0.06610576923076923 0.12139423076923077
3 0.7451923076923077 0.6105769230769231 0.04567307692307692 0.08413461538461539
9 0.24879807692307693 0.6177884615384616 0.046875 0.08533653846153846
5 0.9158653846153846 0.7259615384615384 0.0733173076923077 0.10697115384615384
9 0.24639423076923078 0.7331730769230769 0.051682692307692304 0.09134615384615384
3 0.7848557692307693 0.7331730769230769 0.054086538461538464 0.09014423076923077
11 0.09975961538461539 0.7391826923076923 0.07451923076923077 0.109375
11 0.2439903846153846 0.15985576923076922 0.037259615384615384 0.07692307692307693
5 0.7307692307692307 0.16105769230769232 0.036057692307692304 0.08052884615384616
3 0.6670673076923077 0.16706730769230768 0.027644230769230768 0.0625
9 0.31850961538461536 0.16826923076923078 0.03125 0.06490384615384616
8 0.23918269230769232 0.21514423076923078 0.04567307692307692 0.10817307692307693
3 0.6658653846153846 0.21754807692307693 0.028846153846153848 0.06850961538461539
9 0.32211538461538464 0.21875 0.030048076923076924 0.0673076923076923
0 0.7632211538461539 0.25240384615384615 0.042067307692307696 0.10817307692307693
6 0.22716346153846154 0.26322115384615385 0.04567307692307692 0.10817307692307693
3 0.6983173076923077 0.27283653846153844 0.03125 0.07091346153846154
9 0.3173076923076923 0.28125 0.03125 0.07211538461538461
1 0.7800480769230769 0.29447115384615385 0.0625 0.15384615384615385
7 0.19831730769230768 0.3173076923076923 0.06610576923076923 0.15384615384615385
3 0.6766826923076923 0.33052884615384615 0.03245192307692308 0.07451923076923077