9 0.3918269230769231 0.38341346153846156 0.06009615384615385 0.11899038461538461
9 0.9771634615384616 0.4411057692307692 0.04447115384615385 0.1045673076923077
11 0.4675480769230769 0.046875 0.040865384615384616 0.09375
0 0.8293269230769231 0.05048076923076923 0.05048076923076923 0.09975961538461539
5 0.7824519230769231 0.05889423076923077 0.04807692307692308 0.11658653846153846
4 0.5480769230769231 0.05889423076923077 0.051682692307692304 0.11778846153846154
2 0.6742788461538461 0.06490384615384616 0.046875 0.1141826923076923
3 0.4675480769230769 0.6538461538461539 0.07211538461538461 0.1346153846153846
8 0.7403846153846154 0.07572115384615384 0.054086538461538464 0.0985576923076923
5 0.9459134615384616 0.10216346153846154 0.06490384615384616 0.12139423076923077
11 0.4807692307692308 0.12259615384615384 0.052884615384615384 0.13822115384615385
10 0.3245192307692308 0.16346153846153846 0.06490384615384616 0.16947115384615385
9 0.9735576923076923 0.20552884615384615 0.04807692307692308 0.10336538461538461
3 0.9134615384615384 0.21394230769230768 0.055288461538461536 0.10096153846153846
1 0.38341346153846156 0.265625 0.07211538461538461 0.20072115384615385
7 0.6165865384615384 0.27283653846153844 0.07211538461538461 0.20673076923076922
3 0.9519230769230769 0.3161057692307692 0.06129807692307692 0.1045673076923077