6 0.4206730769230769 0.3545673076923077 0.038461538461538464 0.09735576923076923
0 0.5697115384615384 0.36177884615384615 0.038461538461538464 0.09615384615384616
3 0.4891826923076923 0.3641826923076923 0.030048076923076924 0.06490384615384616
9 0.6418269230769231 0.37259615384615385 0.03245192307692308 0.0673076923076923
11 0.7992788461538461 0.3737980769230769 0.04567307692307692 0.078125
2 0.3233173076923077 0.4206730769230769 0.037259615384615384 0.09975961538461539
10 0.6586538461538461 0.4254807692307692 0.057692307692307696 0.12379807692307693
9 0.40024038461538464 0.43509615384615385 0.03245192307692308 0.07091346153846154
8 0.21754807692307693 0.5012019230769231 0.051682692307692304 0.1045673076923077
0 0.6502403846153846 0.5180288461538461 0.04447115384615385 0.09615384615384616
2 0.4963942307692308 0.5240384615384616 0.038461538461538464 0.09975961538461539
10 0.31009615384615385 0.6021634615384616 0.057692307692307696 0.12980769230769232
1 0.8461538461538461 0.609375 0.078125 0.13581730769230768
11 0.5841346153846154 0.6310096153846154 0.042067307692307696 0.08653846153846154
9 0.6911057692307693 0.6478365384615384 0.04326923076923077 0.07451923076923077
5 0.7692307692307693 0.7319711538461539 0.056490384615384616 0.08774038461538461
3 0.6069711538461539 0.18269230769230768 0.026442307692307692 0.0625
3 0.49278846153846156 0.18509615384615385 0.026442307692307692 0.06129807692307692
3 0.7403846153846154 0.19471153846153846 0.03125 0.06009615384615385
5 0.2776442307692308 0.22115384615384615 0.03365384615384615 0.07572115384615384
3 0.35216346153846156 0.23317307692307693 0.027644230769230768 0.0625
9 0.5600961538461539 0.24879807692307693 0.028846153846153848 0.06490384615384616
8 0.27163461538461536 0.2704326923076923 0.042067307692307696 0.10216346153846154
7 0.7716346153846154 0.2776442307692308 0.05889423076923077 0.1310096153846154
9 0.3557692307692308 0.2920673076923077 0.030048076923076924 0.06490384615384616
3 0.4855769230769231 0.29447115384615385 0.028846153846153848 0.06490384615384616