9 0.6081730769230769 0.38221153846153844 0.06129807692307692 0.11899038461538461
9 0.021634615384615384 0.43990384615384615 0.038461538461538464 0.10576923076923077
11 0.8088942307692307 0.44471153846153844 0.0625 0.1658653846153846
0 0.16826923076923078 0.046875 0.04567307692307692 0.09375
11 0.53125 0.04807692307692308 0.04807692307692308 0.09615384615384616
10 0.7451923076923077 0.5204326923076923 0.0985576923076923 0.203125
5 0.21514423076923078 0.056490384615384616 0.05048076923076923 0.11298076923076923
4 0.4519230769230769 0.06009615384615385 0.051682692307692304 0.1201923076923077
2 0.3245192307692308 0.06129807692307692 0.04567307692307692 0.11538461538461539
3 0.5324519230769231 0.6538461538461539 0.07091346153846154 0.13341346153846154
9 0.3641826923076923 0.6550480769230769 0.07091346153846154 0.13581730769230768
8 0.25721153846153844 0.07211538461538461 0.052884615384615384 0.09735576923076923
1 0.5949519230769231 0.0985576923076923 0.0625 0.19471153846153846
5 0.054086538461538464 0.10216346153846154 0.0625 0.12259615384615384
9 0.33413461538461536 0.14423076923076922 0.04927884615384615 0.10216346153846154
9 0.025240384615384616 0.20192307692307693 0.04927884615384615 0.09735576923076923
3 0.08653846153846154 0.21394230769230768 0.056490384615384616 0.0985576923076923
3 0.6057692307692307 0.25 0.056490384615384616 0.11057692307692307
9 0.5204326923076923 0.25240384615384615 0.054086538461538464 0.11057692307692307
7 0.38461538461538464 0.27283653846153844 0.0733173076923077 0.20673076923076922
3 0.04807692307692308 0.3161057692307692 0.06129807692307692 0.10576923076923077