9 0.040865384615384616 0.3713942307692308 0.056490384615384616 0.08533653846153846
7 0.27283653846153844 0.3858173076923077 0.07211538461538461 0.1658653846153846
9 0.4543269230769231 0.4182692307692308 0.04927884615384615 0.09495192307692307
1 0.8353365384615384 0.453125 0.08173076923076923 0.17307692307692307
9 0.4519230769230769 0.5949519230769231 0.056490384615384616 0.10697115384615384
3 0.5528846153846154 0.5997596153846154 0.055288461538461536 0.10336538461538461
3 0.5709134615384616 0.7175480769230769 0.06009615384615385 0.11177884615384616
3 0.6586538461538461 0.15745192307692307 0.037259615384615384 0.078125
9 0.3269230769230769 0.16466346153846154 0.039663461538461536 0.078125
9 0.021634615384615384 0.1658653846153846 0.038461538461538464 0.07692307692307693
0 0.07211538461538461 0.18870192307692307 0.055288461538461536 0.10216346153846154
11 0.23317307692307693 0.20673076923076922 0.054086538461538464 0.10817307692307693
9 0.02283653846153846 0.22716346153846154 0.040865384615384616 0.07932692307692307
5 0.08413461538461539 0.234375 0.06009615384615385 0.10336538461538461
8 0.7536057692307693 0.25 0.05048076923076923 0.1141826923076923
0 0.06370192307692307 0.27163461538461536 0.056490384615384616 0.10096153846153846
3 0.06610576923076923 0.3245192307692308 0.051682692307692304 0.08413461538461539