3 0.5384615384615384 0.33533653846153844 0.04447115384615385 0.0889423076923077
9 0.3004807692307692 0.3425480769230769 0.04567307692307692 0.09014423076923077
4 0.2620192307692308 0.3954326923076923 0.0733173076923077 0.14903846153846154
6 0.1875 0.4074519230769231 0.05889423076923077 0.12139423076923077
3 0.6358173076923077 0.4074519230769231 0.04927884615384615 0.09735576923076923
3 0.796875 0.4074519230769231 0.051682692307692304 0.09375
11 0.44350961538461536 0.40865384615384615 0.05048076923076923 0.12740384615384615
10 0.7331730769230769 0.4735576923076923 0.08173076923076923 0.15384615384615385
9 0.5480769230769231 0.48677884615384615 0.051682692307692304 0.0673076923076923
3 0.8317307692307693 0.49038461538461536 0.06009615384615385 0.10216346153846154
3 0.3605769230769231 0.49158653846153844 0.051682692307692304 0.09975961538461539
3 0.14182692307692307 0.5324519230769231 0.06009615384615385 0.10216346153846154
1 0.5420673076923077 0.5673076923076923 0.06490384615384616 0.17548076923076922
7 0.3389423076923077 0.5709134615384616 0.07692307692307693 0.17427884615384615
8 0.7776442307692307 0.703125 0.07932692307692307 0.13581730769230768
6 0.6550480769230769 0.7151442307692307 0.06370192307692307 0.13822115384615385
5 0.3269230769230769 0.7247596153846154 0.07211538461538461 0.14543269230769232
9 0.44711538461538464 0.7331730769230769 0.06009615384615385 0.11298076923076923
2 0.1045673076923077 0.734375 0.09254807692307693 0.13581730769230768
5 0.7271634615384616 0.14783653846153846 0.04807692307692308 0.1045673076923077
3 0.5901442307692307 0.15865384615384615 0.036057692307692304 0.07932692307692307
9 0.24759615384615385 0.16466346153846154 0.038461538461538464 0.078125
3 0.375 0.1658653846153846 0.039663461538461536 0.078125
9 0.45072115384615385 0.16706730769230768 0.039663461538461536 0.08173076923076923
2 0.6706730769230769 0.20072115384615385 0.04567307692307692 0.10697115384615384
0 0.23798076923076922 0.21514423076923078 0.04927884615384615 0.109375
9 0.5216346153846154 0.22355769230769232 0.039663461538461536 0.08173076923076923
11 0.5997596153846154 0.25721153846153844 0.04447115384615385 0.11177884615384616
8 0.6911057692307693 0.25721153846153844 0.051682692307692304 0.1141826923076923
0 0.45913461538461536 0.25961538461538464 0.04326923076923077 0.11057692307692307
9 0.3786057692307692 0.28365384615384615 0.042067307692307696 0.08533653846153846
9 0.7836538461538461 0.3329326923076923 0.046875 0.0889423076923077