1 0.2956730769230769 0.3329326923076923 0.08533653846153846 0.21153846153846154
7 0.6322115384615384 0.35336538461538464 0.078125 0.21394230769230768
9 0.39302884615384615 0.3798076923076923 0.06129807692307692 0.1201923076923077
9 0.9783653846153846 0.43990384615384615 0.042067307692307696 0.109375
0 0.8329326923076923 0.046875 0.04807692307692308 0.09375
11 0.46875 0.04807692307692308 0.04807692307692308 0.09615384615384616
5 0.7836538461538461 0.055288461538461536 0.046875 0.11057692307692307
4 0.546875 0.05889423076923077 0.051682692307692304 0.11778846153846154
2 0.6754807692307693 0.0625 0.046875 0.11177884615384616
3 0.5504807692307693 0.6490384615384616 0.07211538461538461 0.12980769230769232
8 0.7415865384615384 0.07451923076923077 0.052884615384615384 0.09495192307692307
5 0.9447115384615384 0.10096153846153846 0.06490384615384616 0.12259615384615384
11 0.48197115384615385 0.12139423076923077 0.052884615384615384 0.13942307692307693
10 0.3954326923076923 0.1658653846153846 0.0673076923076923 0.171875
9 0.9735576923076923 0.203125 0.04807692307692308 0.10336538461538461
3 0.9134615384615384 0.21394230769230768 0.054086538461538464 0.0985576923076923
3 0.9519230769230769 0.3161057692307692 0.0625 0.10576923076923077