9 0.9194711538461539 0.3485576923076923 0.04447115384615385 0.07692307692307693
9 0.71875 0.35216346153846156 0.042067307692307696 0.08052884615384616
5 0.9615384615384616 0.3954326923076923 0.06009615384615385 0.09495192307692307
0 0.375 0.40024038461538464 0.04567307692307692 0.1201923076923077
6 0.4579326923076923 0.4074519230769231 0.04567307692307692 0.125
9 0.5540865384615384 0.5 0.04567307692307692 0.09615384615384616
3 0.44711538461538464 0.5096153846153846 0.04447115384615385 0.0829326923076923
1 0.13341346153846154 0.5552884615384616 0.09615384615384616 0.17548076923076922
9 0.4495192307692308 0.6009615384615384 0.04807692307692308 0.09495192307692307
3 0.35336538461538464 0.6033653846153846 0.04807692307692308 0.09014423076923077
9 0.5637019230769231 0.7259615384615384 0.057692307692307696 0.10216346153846154
3 0.21634615384615385 0.7355769230769231 0.0625 0.09975961538461539
3 0.4735576923076923 0.16706730769230768 0.03365384615384615 0.0733173076923077
7 0.6009615384615384 0.18389423076923078 0.046875 0.15144230769230768
3 0.40024038461538464 0.21875 0.039663461538461536 0.07451923076923077
11 0.3137019230769231 0.265625 0.04447115384615385 0.0985576923076923
10 0.3762019230769231 0.3137019230769231 0.056490384615384616 0.1502403846153846
9 0.9483173076923077 0.33052884615384615 0.04567307692307692 0.07692307692307693