9 0.6237980769230769 0.3449519230769231 0.046875 0.08774038461538461
1 0.2776442307692308 0.3701923076923077 0.06370192307692307 0.16706730769230768
9 0.9615384615384616 0.3737980769230769 0.056490384615384616 0.08653846153846154
7 0.7271634615384616 0.3858173076923077 0.07091346153846154 0.16466346153846154
3 0.4567307692307692 0.4098557692307692 0.046875 0.09134615384615384
9 0.5504807692307693 0.41466346153846156 0.04807692307692308 0.09375
9 0.6454326923076923 0.5997596153846154 0.056490384615384616 0.10216346153846154
3 0.2548076923076923 0.6105769230769231 0.06009615384615385 0.10336538461538461
8 0.11658653846153846 0.6971153846153846 0.08173076923076923 0.13221153846153846
3 0.20673076923076922 0.7319711538461539 0.06610576923076923 0.109375
9 0.7728365384615384 0.734375 0.0673076923076923 0.109375
2 0.90625 0.7475961538461539 0.09495192307692307 0.1346153846153846
5 0.2608173076923077 0.14543269230769232 0.046875 0.1045673076923077
11 0.7475961538461539 0.15384615384615385 0.05048076923076923 0.10216346153846154
0 0.4795673076923077 0.15504807692307693 0.039663461538461536 0.10216346153846154
3 0.3425480769230769 0.15745192307692307 0.038461538461538464 0.078125
9 0.6742788461538461 0.1658653846153846 0.039663461538461536 0.08052884615384616
0 0.32211538461538464 0.19831730769230768 0.042067307692307696 0.10817307692307693
8 0.7584134615384616 0.21153846153846154 0.04567307692307692 0.1045673076923077
3 0.31009615384615385 0.265625 0.04326923076923077 0.08413461538461539
9 0.5396634615384616 0.2668269230769231 0.042067307692307696 0.08413461538461539
6 0.7740384615384616 0.2692307692307692 0.04927884615384615 0.11057692307692307
11 0.9783653846153846 0.2860576923076923 0.042067307692307696 0.10576923076923077
3 0.3713942307692308 0.33052884615384615 0.04447115384615385 0.08774038461538461