9 0.7175480769230769 0.3485576923076923 0.03365384615384615 0.07451923076923077
9 0.9170673076923077 0.35096153846153844 0.042067307692307696 0.07211538461538461
5 0.9615384615384616 0.39783653846153844 0.057692307692307696 0.09014423076923077
0 0.3762019230769231 0.4014423076923077 0.04447115384615385 0.11658653846153846
6 0.4579326923076923 0.4110576923076923 0.04447115384615385 0.11899038461538461
1 0.265625 0.4567307692307692 0.07091346153846154 0.16826923076923078
9 0.5528846153846154 0.5024038461538461 0.040865384615384616 0.08533653846153846
3 0.44711538461538464 0.5084134615384616 0.038461538461538464 0.08173076923076923
9 0.4483173076923077 0.5985576923076923 0.040865384615384616 0.08413461538461539
3 0.3545673076923077 0.6021634615384616 0.042067307692307696 0.0829326923076923
9 0.5661057692307693 0.7223557692307693 0.04326923076923077 0.09134615384615384
3 0.21634615384615385 0.7331730769230769 0.054086538461538464 0.09254807692307693
3 0.4735576923076923 0.16826923076923078 0.026442307692307692 0.06490384615384616
7 0.6009615384615384 0.18389423076923078 0.042067307692307696 0.14302884615384615
3 0.4014423076923077 0.21634615384615385 0.027644230769230768 0.07091346153846154
11 0.78125 0.27884615384615385 0.04326923076923077 0.08533653846153846
10 0.37740384615384615 0.3125 0.05048076923076923 0.140625
9 0.9471153846153846 0.3269230769230769 0.04326923076923077 0.07211538461538461