10 0.8028846153846154 0.35216346153846156 0.09014423076923077 0.18509615384615385
3 0.37740384615384615 0.3737980769230769 0.06129807692307692 0.11778846153846154
0 0.20552884615384615 0.4362980769230769 0.0733173076923077 0.15625
9 0.6358173076923077 0.4579326923076923 0.06490384615384616 0.1201923076923077
2 0.18269230769230768 0.53125 0.09014423076923077 0.15985576923076922
9 0.7391826923076923 0.5444711538461539 0.06850961538461539 0.12620192307692307
3 0.29086538461538464 0.5444711538461539 0.06850961538461539 0.12860576923076922
8 0.8257211538461539 0.5480769230769231 0.08774038461538461 0.1622596153846154
4 0.44350961538461536 0.6213942307692307 0.09134615384615384 0.20793269230769232
5 0.15985576923076922 0.6274038461538461 0.09615384615384616 0.17548076923076922
11 0.8449519230769231 0.6502403846153846 0.0985576923076923 0.17427884615384615
9 0.7427884615384616 0.6514423076923077 0.07451923076923077 0.13221153846153846
3 0.2620192307692308 0.6538461538461539 0.07572115384615384 0.1346153846153846
5 0.27163461538461536 0.125 0.06009615384615385 0.13822115384615385
6 0.5360576923076923 0.12620192307692307 0.052884615384615384 0.1346153846153846
11 0.7427884615384616 0.12980769230769232 0.0625 0.1346153846153846
3 0.34375 0.13822115384615385 0.04927884615384615 0.09975961538461539
9 0.671875 0.14423076923076922 0.05048076923076923 0.10336538461538461
2 0.27163461538461536 0.17668269230769232 0.06009615384615385 0.13822115384615385
3 0.47596153846153844 0.19230769230769232 0.052884615384615384 0.10817307692307693
9 0.6826923076923077 0.1935096153846154 0.054086538461538464 0.1045673076923077
6 0.7548076923076923 0.23317307692307693 0.057692307692307696 0.140625
0 0.25 0.23677884615384615 0.05889423076923077 0.13581730769230768
8 0.6141826923076923 0.23918269230769232 0.06009615384615385 0.14182692307692307
3 0.3954326923076923 0.24879807692307693 0.055288461538461536 0.10817307692307693
9 0.6814903846153846 0.2536057692307692 0.055288461538461536 0.10216346153846154
1 0.23557692307692307 0.265625 0.08413461538461539 0.20552884615384615
7 0.7836538461538461 0.2704326923076923 0.08533653846153846 0.203125
9 0.7043269230769231 0.3137019230769231 0.05889423076923077 0.11298076923076923