3 0.4795673076923077 0.35096153846153844 0.05048076923076923 0.10576923076923077
9 0.6646634615384616 0.546875 0.06009615384615385 0.10817307692307693
6 0.8581730769230769 0.6454326923076923 0.06971153846153846 0.14182692307692307
7 0.8245192307692307 0.3942307692307692 0.07451923076923077 0.20673076923076922
8 0.8088942307692307 0.14903846153846154 0.06009615384615385 0.1466346153846154
0 0.7427884615384616 0.07211538461538461 0.057692307692307696 0.14423076923076922
6 0.4963942307692308 0.06971153846153846 0.04567307692307692 0.13942307692307693
10 0.5625 0.14543269230769232 0.0625 0.1658653846153846
1 0.23197115384615385 0.30408653846153844 0.06971153846153846 0.2091346153846154
5 0.3449519230769231 0.16105769230769232 0.06009615384615385 0.13221153846153846
0 0.4675480769230769 0.5384615384615384 0.052884615384615384 0.1466346153846154
3 0.3016826923076923 0.5408653846153846 0.057692307692307696 0.11298076923076923
2 0.3557692307692308 0.7668269230769231 0.06490384615384616 0.15144230769230768