3 0.6995192307692307 0.3389423076923077 0.03365384615384615 0.0733173076923077
0 0.29086538461538464 0.3918269230769231 0.04447115384615385 0.11538461538461539
4 0.5480769230769231 0.3942307692307692 0.04927884615384615 0.14423076923076922
8 0.46634615384615385 0.4014423076923077 0.042067307692307696 0.11658653846153846
2 0.3545673076923077 0.484375 0.04567307692307692 0.11778846153846154
11 0.5600961538461539 0.5084134615384616 0.04326923076923077 0.10096153846153846
1 0.7512019230769231 0.5552884615384616 0.078125 0.171875
5 0.44350961538461536 0.5985576923076923 0.04326923076923077 0.10336538461538461
3 0.2127403846153846 0.7127403846153846 0.051682692307692304 0.08774038461538461
6 0.6418269230769231 0.7127403846153846 0.05889423076923077 0.12980769230769232
6 0.4639423076923077 0.15264423076923078 0.037259615384615384 0.0985576923076923
9 0.39783653846153844 0.16466346153846154 0.019230769230769232 0.06610576923076923
9 0.5961538461538461 0.16947115384615385 0.028846153846153848 0.06610576923076923
7 0.3894230769230769 0.18509615384615385 0.042067307692307696 0.14423076923076922
8 0.9579326923076923 0.2091346153846154 0.054086538461538464 0.10216346153846154
9 0.5516826923076923 0.22716346153846154 0.027644230769230768 0.06850961538461539
2 0.38221153846153844 0.26322115384615385 0.037259615384615384 0.10817307692307693
9 0.9050480769230769 0.2704326923076923 0.040865384615384616 0.06850961538461539
9 0.6177884615384616 0.2860576923076923 0.03245192307692308 0.07211538461538461
9 0.7788461538461539 0.28846153846153844 0.037259615384615384 0.07451923076923077
10 0.5372596153846154 0.31490384615384615 0.04447115384615385 0.13942307692307693