3 0.5324519230769231 0.34375 0.03245192307692308 0.07572115384615384
9 0.2920673076923077 0.35697115384615385 0.03365384615384615 0.07572115384615384
4 0.8088942307692307 0.38221153846153844 0.06850961538461539 0.14543269230769232
10 0.1778846153846154 0.4026442307692308 0.07572115384615384 0.1466346153846154
3 0.7103365384615384 0.4110576923076923 0.037259615384615384 0.07572115384615384
9 0.4567307692307692 0.4170673076923077 0.036057692307692304 0.08413461538461539
0 0.8305288461538461 0.4795673076923077 0.056490384615384616 0.11778846153846154
8 0.34975961538461536 0.49399038461538464 0.051682692307692304 0.12379807692307693
3 0.7271634615384616 0.4951923076923077 0.040865384615384616 0.0829326923076923
9 0.2704326923076923 0.515625 0.042067307692307696 0.0829326923076923
6 0.16826923076923078 0.5168269230769231 0.05889423076923077 0.11899038461538461
2 0.8485576923076923 0.578125 0.06490384615384616 0.1201923076923077
3 0.7427884615384616 0.6057692307692307 0.04326923076923077 0.08653846153846154
9 0.24759615384615385 0.6201923076923077 0.046875 0.08413461538461539
3 0.7620192307692307 0.7163461538461539 0.051682692307692304 0.0889423076923077
5 0.8774038461538461 0.7163461538461539 0.06971153846153846 0.109375
11 0.07572115384615384 0.7475961538461539 0.07572115384615384 0.11057692307692307
9 0.21875 0.75 0.051682692307692304 0.08774038461538461
5 0.7247596153846154 0.15865384615384615 0.03485576923076923 0.07692307692307693
3 0.6538461538461539 0.1622596153846154 0.027644230769230768 0.06370192307692307
11 0.25 0.171875 0.037259615384615384 0.07932692307692307
9 0.3269230769230769 0.17668269230769232 0.027644230769230768 0.0673076923076923
2 0.7439903846153846 0.19951923076923078 0.042067307692307696 0.1045673076923077
3 0.6658653846153846 0.21875 0.028846153846153848 0.06610576923076923
9 0.3173076923076923 0.23557692307692307 0.030048076923076924 0.07091346153846154
0 0.7548076923076923 0.25961538461538464 0.04326923076923077 0.10576923076923077
8 0.37259615384615385 0.2644230769230769 0.042067307692307696 0.11177884615384616
6 0.21995192307692307 0.27403846153846156 0.04447115384615385 0.10576923076923077
3 0.6778846153846154 0.27884615384615385 0.030048076923076924 0.07091346153846154
9 0.2920673076923077 0.2932692307692308 0.03245192307692308 0.07091346153846154
1 0.7860576923076923 0.3004807692307692 0.05889423076923077 0.15625
7 0.19110576923076922 0.3245192307692308 0.0673076923076923 0.1502403846153846