3 0.3004807692307692 0.3389423076923077 0.03365384615384615 0.0733173076923077
0 0.7091346153846154 0.3918269230769231 0.04447115384615385 0.11538461538461539
4 0.4519230769230769 0.3942307692307692 0.04927884615384615 0.14423076923076922
8 0.5336538461538461 0.4014423076923077 0.042067307692307696 0.11658653846153846
2 0.6454326923076923 0.484375 0.04567307692307692 0.11778846153846154
11 0.43990384615384615 0.5084134615384616 0.04326923076923077 0.10096153846153846
1 0.24879807692307693 0.5552884615384616 0.078125 0.171875
5 0.5564903846153846 0.5985576923076923 0.04326923076923077 0.10336538461538461
3 0.7872596153846154 0.7127403846153846 0.051682692307692304 0.08774038461538461
6 0.3581730769230769 0.7127403846153846 0.05889423076923077 0.12980769230769232
6 0.5360576923076923 0.15264423076923078 0.037259615384615384 0.0985576923076923
9 0.6021634615384616 0.16466346153846154 0.019230769230769232 0.06610576923076923
9 0.40384615384615385 0.16947115384615385 0.028846153846153848 0.06610576923076923
7 0.6105769230769231 0.18509615384615385 0.042067307692307696 0.14423076923076922
8 0.042067307692307696 0.2091346153846154 0.054086538461538464 0.10216346153846154
9 0.4483173076923077 0.22716346153846154 0.027644230769230768 0.06850961538461539
2 0.6177884615384616 0.26322115384615385 0.037259615384615384 0.10817307692307693
9 0.09495192307692307 0.2704326923076923 0.040865384615384616 0.06850961538461539
9 0.38221153846153844 0.2860576923076923 0.03245192307692308 0.07211538461538461
9 0.22115384615384615 0.28846153846153844 0.037259615384615384 0.07451923076923077
10 0.46274038461538464 0.31490384615384615 0.04447115384615385 0.13942307692307693