6 0.578125 0.35216346153846156 0.038461538461538464 0.0985576923076923
9 0.35697115384615385 0.3713942307692308 0.03245192307692308 0.06850961538461539
11 0.19951923076923078 0.37259615384615385 0.04447115384615385 0.08052884615384616
3 0.7608173076923077 0.375 0.03365384615384615 0.06610576923076923
8 0.7680288461538461 0.4182692307692308 0.04927884615384615 0.10576923076923077
0 0.3329326923076923 0.43509615384615385 0.04326923076923077 0.0985576923076923
3 0.5192307692307693 0.4375 0.03245192307692308 0.07091346153846154
9 0.5901442307692307 0.45552884615384615 0.03245192307692308 0.06850961538461539
9 0.1875 0.4735576923076923 0.04326923076923077 0.07211538461538461
4 0.6802884615384616 0.4855769230769231 0.054086538461538464 0.12860576923076922
6 0.26322115384615385 0.49278846153846156 0.04927884615384615 0.09735576923076923
2 0.5012019230769231 0.5072115384615384 0.040865384615384616 0.09975961538461539
11 0.40625 0.5252403846153846 0.039663461538461536 0.08533653846153846
0 0.1622596153846154 0.546875 0.057692307692307696 0.09615384615384616
7 0.23317307692307693 0.5913461538461539 0.07572115384615384 0.12740384615384615
10 0.515625 0.6045673076923077 0.051682692307692304 0.13221153846153846
8 0.6983173076923077 0.6117788461538461 0.04326923076923077 0.10096153846153846
9 0.41586538461538464 0.6298076923076923 0.036057692307692304 0.07091346153846154
9 0.13942307692307693 0.7439903846153846 0.051682692307692304 0.07451923076923077
9 0.6081730769230769 0.7524038461538461 0.040865384615384616 0.078125
9 0.7896634615384616 0.7728365384615384 0.04807692307692308 0.078125
2 0.6225961538461539 0.16706730769230768 0.03125 0.09375
3 0.5084134615384616 0.18269230769230768 0.027644230769230768 0.06490384615384616
3 0.25841346153846156 0.19230769230769232 0.030048076923076924 0.0625
5 0.7211538461538461 0.21754807692307693 0.03485576923076923 0.078125
5 0.3076923076923077 0.23557692307692307 0.037259615384615384 0.07692307692307693
3 0.4543269230769231 0.23677884615384615 0.018028846153846152 0.06490384615384616
1 0.44591346153846156 0.2644230769230769 0.040865384615384616 0.13341346153846154
9 0.6442307692307693 0.29086538461538464 0.03125 0.06610576923076923
3 0.7415865384615384 0.3016826923076923 0.03125 0.06610576923076923
3 0.35216346153846156 0.31009615384615385 0.030048076923076924 0.06370192307692307
3 0.21995192307692307 0.3125 0.03365384615384615 0.0673076923076923