9 0.9591346153846154 0.3713942307692308 0.055288461538461536 0.09014423076923077
10 0.18870192307692307 0.38100961538461536 0.07932692307692307 0.14903846153846154
8 0.4639423076923077 0.4014423076923077 0.051682692307692304 0.12379807692307693
3 0.9651442307692307 0.4543269230769231 0.06370192307692307 0.09375
11 0.2644230769230769 0.46634615384615385 0.06610576923076923 0.13221153846153846
9 0.9759615384615384 0.5036057692307693 0.04326923076923077 0.0985576923076923
7 0.5564903846153846 0.6682692307692307 0.06971153846153846 0.18269230769230768
1 0.23197115384615385 0.6766826923076923 0.0985576923076923 0.18389423076923078
9 0.40384615384615385 0.15865384615384615 0.039663461538461536 0.08173076923076923
9 0.9783653846153846 0.1658653846153846 0.042067307692307696 0.07692307692307693
0 0.9290865384615384 0.1875 0.052884615384615384 0.0985576923076923
9 0.9783653846153846 0.2247596153846154 0.042067307692307696 0.07572115384615384
5 0.9158653846153846 0.23317307692307693 0.05889423076923077 0.10576923076923077
0 0.9350961538461539 0.27403846153846156 0.06009615384615385 0.10697115384615384
3 0.9338942307692307 0.3233173076923077 0.05048076923076923 0.08413461538461539