2 0.3389423076923077 0.3449519230769231 0.037259615384615384 0.09735576923076923
9 0.46875 0.359375 0.028846153846153848 0.06490384615384616
0 0.7932692307692307 0.3605769230769231 0.04807692307692308 0.09375
3 0.6514423076923077 0.38341346153846156 0.03125 0.06490384615384616
2 0.578125 0.4266826923076923 0.04326923076923077 0.09615384615384616
9 0.4891826923076923 0.4375 0.03365384615384615 0.06971153846153846
11 0.7127403846153846 0.4387019230769231 0.04326923076923077 0.0829326923076923
9 0.40865384615384615 0.4423076923076923 0.03125 0.06850961538461539
9 0.8125 0.47475961538461536 0.04326923076923077 0.06971153846153846
8 0.23076923076923078 0.5012019230769231 0.051682692307692304 0.1045673076923077
8 0.7475961538461539 0.5204326923076923 0.05048076923076923 0.09495192307692307
6 0.32211538461538464 0.5240384615384616 0.04326923076923077 0.10336538461538461
9 0.5793269230769231 0.5252403846153846 0.03365384615384615 0.06971153846153846
10 0.40865384615384615 0.609375 0.051682692307692304 0.13221153846153846
9 0.19831730769230768 0.6237980769230769 0.04326923076923077 0.07451923076923077
9 0.765625 0.6286057692307693 0.04326923076923077 0.07211538461538461
9 0.6742788461538461 0.6310096153846154 0.037259615384615384 0.06971153846153846
7 0.5841346153846154 0.7151442307692307 0.05889423076923077 0.13701923076923078
11 0.18269230769230768 0.7211538461538461 0.056490384615384616 0.09254807692307693
6 0.6826923076923077 0.7271634615384616 0.051682692307692304 0.0985576923076923
1 0.5600961538461539 0.15504807692307693 0.037259615384615384 0.12740384615384615
0 0.42908653846153844 0.15745192307692307 0.03125 0.09134615384615384
5 0.2920673076923077 0.1622596153846154 0.03125 0.07451923076923077
5 0.75 0.18509615384615385 0.037259615384615384 0.07451923076923077
3 0.2848557692307692 0.2283653846153846 0.028846153846153848 0.0625
3 0.35336538461538464 0.23076923076923078 0.025240384615384616 0.06370192307692307
3 0.48197115384615385 0.234375 0.021634615384615384 0.0625
3 0.5649038461538461 0.23798076923076922 0.026442307692307692 0.06129807692307692
3 0.7644230769230769 0.24879807692307693 0.03245192307692308 0.06129807692307692
4 0.49759615384615385 0.2620192307692308 0.038461538461538464 0.1201923076923077
3 0.40865384615384615 0.2980769230769231 0.027644230769230768 0.06610576923076923
3 0.6947115384615384 0.3088942307692308 0.03125 0.06370192307692307