9 0.5492788461538461 0.38221153846153844 0.07451923076923077 0.12379807692307693
1 0.20072115384615385 0.40384615384615385 0.10096153846153846 0.21995192307692307
8 0.6165865384615384 0.4567307692307692 0.07692307692307693 0.16346153846153846
3 0.4675480769230769 0.5396634615384616 0.07451923076923077 0.12860576923076922
9 0.7403846153846154 0.5420673076923077 0.078125 0.13221153846153846
5 0.17668269230769232 0.6177884615384616 0.09735576923076923 0.18028846153846154
9 0.7451923076923077 0.6514423076923077 0.0829326923076923 0.13341346153846154
3 0.2668269230769231 0.6526442307692307 0.08413461538461539 0.14182692307692307
2 0.41947115384615385 0.11899038461538461 0.054086538461538464 0.13822115384615385
3 0.3449519230769231 0.13701923076923078 0.05889423076923077 0.11298076923076923
9 0.6694711538461539 0.14423076923076922 0.055288461538461536 0.11538461538461539
7 0.7572115384615384 0.15264423076923078 0.06610576923076923 0.19110576923076922
9 0.9759615384615384 0.20552884615384615 0.046875 0.10216346153846154
3 0.9170673076923077 0.20793269230769232 0.0625 0.1201923076923077
5 0.2439903846153846 0.23317307692307693 0.06971153846153846 0.15264423076923078
11 0.7620192307692307 0.23557692307692307 0.06490384615384616 0.15144230769230768
3 0.3954326923076923 0.2512019230769231 0.0673076923076923 0.1201923076923077
9 0.48197115384615385 0.2512019230769231 0.057692307692307696 0.11298076923076923
10 0.30649038461538464 0.28365384615384615 0.08052884615384616 0.18509615384615385
9 0.6237980769230769 0.31009615384615385 0.06850961538461539 0.11298076923076923