4 0.609375 0.34375 0.08052884615384616 0.1814903846153846
10 0.1971153846153846 0.35096153846153844 0.0889423076923077 0.18509615384615385
0 0.7944711538461539 0.43509615384615385 0.0733173076923077 0.15504807692307693
9 0.3641826923076923 0.453125 0.06490384615384616 0.11298076923076923
2 0.8185096153846154 0.5300480769230769 0.08774038461538461 0.16105769230769232
8 0.3641826923076923 0.5384615384615384 0.0733173076923077 0.16105769230769232
3 0.7103365384615384 0.5444711538461539 0.06850961538461539 0.12860576923076922
9 0.2608173076923077 0.5444711538461539 0.06971153846153846 0.12620192307692307
8 0.17307692307692307 0.546875 0.09014423076923077 0.16105769230769232
5 0.8221153846153846 0.625 0.09375 0.17067307692307693
11 0.15504807692307693 0.6502403846153846 0.09975961538461539 0.17427884615384615
3 0.7367788461538461 0.6526442307692307 0.07572115384615384 0.13221153846153846
9 0.25721153846153844 0.6538461538461539 0.07451923076923077 0.13341346153846154
5 0.7235576923076923 0.12259615384615384 0.05889423076923077 0.13221153846153846
11 0.25721153846153844 0.12860576923076922 0.06129807692307692 0.13701923076923078
3 0.65625 0.13942307692307693 0.04927884615384615 0.10336538461538461
9 0.3293269230769231 0.14182692307692307 0.04807692307692308 0.10216346153846154
2 0.7283653846153846 0.17668269230769232 0.06009615384615385 0.13822115384615385
3 0.5240384615384616 0.19110576923076922 0.051682692307692304 0.10697115384615384
9 0.32091346153846156 0.19230769230769232 0.054086538461538464 0.10096153846153846
6 0.24519230769230768 0.23197115384615385 0.056490384615384616 0.14302884615384615
0 0.7512019230769231 0.23918269230769232 0.056490384615384616 0.140625
3 0.6033653846153846 0.24519230769230768 0.054086538461538464 0.10576923076923077
9 0.32211538461538464 0.25600961538461536 0.054086538461538464 0.10817307692307693
1 0.7644230769230769 0.265625 0.08413461538461539 0.20793269230769232
7 0.21514423076923078 0.26802884615384615 0.08533653846153846 0.203125
6 0.027644230769230768 0.29927884615384615 0.05048076923076923 0.13701923076923078
9 0.2920673076923077 0.3125 0.05889423076923077 0.11177884615384616