6 0.421875 0.35216346153846156 0.038461538461538464 0.0985576923076923
9 0.6430288461538461 0.3713942307692308 0.03245192307692308 0.06850961538461539
11 0.8004807692307693 0.37259615384615385 0.04447115384615385 0.08052884615384616
3 0.23918269230769232 0.375 0.03365384615384615 0.06610576923076923
8 0.23197115384615385 0.4182692307692308 0.04927884615384615 0.10576923076923077
0 0.6670673076923077 0.43509615384615385 0.04326923076923077 0.0985576923076923
3 0.4807692307692308 0.4375 0.03245192307692308 0.07091346153846154
9 0.4098557692307692 0.45552884615384615 0.03245192307692308 0.06850961538461539
9 0.8125 0.4735576923076923 0.04326923076923077 0.07211538461538461
4 0.31971153846153844 0.4855769230769231 0.054086538461538464 0.12860576923076922
6 0.7367788461538461 0.49278846153846156 0.04927884615384615 0.09735576923076923
2 0.4987980769230769 0.5072115384615384 0.040865384615384616 0.09975961538461539
11 0.59375 0.5252403846153846 0.039663461538461536 0.08533653846153846
0 0.8377403846153846 0.546875 0.057692307692307696 0.09615384615384616
7 0.7668269230769231 0.5913461538461539 0.07572115384615384 0.12740384615384615
10 0.484375 0.6045673076923077 0.051682692307692304 0.13221153846153846
8 0.3016826923076923 0.6117788461538461 0.04326923076923077 0.10096153846153846
9 0.5841346153846154 0.6298076923076923 0.036057692307692304 0.07091346153846154
9 0.8605769230769231 0.7439903846153846 0.051682692307692304 0.07451923076923077
9 0.3918269230769231 0.7524038461538461 0.040865384615384616 0.078125
9 0.21033653846153846 0.7728365384615384 0.04807692307692308 0.078125
2 0.37740384615384615 0.16706730769230768 0.03125 0.09375
3 0.49158653846153844 0.18269230769230768 0.027644230769230768 0.06490384615384616
3 0.7415865384615384 0.19230769230769232 0.030048076923076924 0.0625
5 0.27884615384615385 0.21754807692307693 0.03485576923076923 0.078125
5 0.6923076923076923 0.23557692307692307 0.037259615384615384 0.07692307692307693
3 0.5456730769230769 0.23677884615384615 0.018028846153846152 0.06490384615384616
1 0.5540865384615384 0.2644230769230769 0.040865384615384616 0.13341346153846154
9 0.3557692307692308 0.29086538461538464 0.03125 0.06610576923076923
3 0.25841346153846156 0.3016826923076923 0.03125 0.06610576923076923
3 0.6478365384615384 0.31009615384615385 0.030048076923076924 0.06370192307692307
3 0.7800480769230769 0.3125 0.03365384615384615 0.0673076923076923