9 0.6069711538461539 0.38461538461538464 0.06129807692307692 0.11778846153846154
11 0.17908653846153846 0.44591346153846156 0.0829326923076923 0.16105769230769232
0 0.16706730769230768 0.046875 0.04807692307692308 0.09375
11 0.53125 0.04807692307692308 0.04807692307692308 0.09615384615384616
10 0.8100961538461539 0.5144230769230769 0.10576923076923077 0.19951923076923078
9 0.36177884615384615 0.5516826923076923 0.0673076923076923 0.12620192307692307
5 0.21634615384615385 0.055288461538461536 0.046875 0.11057692307692307
4 0.453125 0.05889423076923077 0.051682692307692304 0.11778846153846154
9 0.25841346153846156 0.6514423076923077 0.0733173076923077 0.13221153846153846
2 0.3245192307692308 0.06490384615384616 0.046875 0.11057692307692307
3 0.7367788461538461 0.6538461538461539 0.07451923076923077 0.13221153846153846
8 0.25961538461538464 0.07692307692307693 0.052884615384615384 0.09495192307692307
5 0.055288461538461536 0.1045673076923077 0.06490384615384616 0.12259615384615384
9 0.3329326923076923 0.1466346153846154 0.05048076923076923 0.10216346153846154
3 0.4579326923076923 0.1502403846153846 0.05048076923076923 0.1045673076923077
7 0.24759615384615385 0.1622596153846154 0.07572115384615384 0.19591346153846154
9 0.026442307692307692 0.203125 0.04807692307692308 0.10336538461538461
3 0.08653846153846154 0.21394230769230768 0.054086538461538464 0.0985576923076923
3 0.6057692307692307 0.2512019230769231 0.054086538461538464 0.10817307692307693
9 0.5192307692307693 0.2536057692307692 0.052884615384615384 0.109375
1 0.6923076923076923 0.27403846153846156 0.07932692307692307 0.2091346153846154
3 0.04807692307692308 0.3161057692307692 0.0625 0.10576923076923077
9 0.4495192307692308 0.31850961538461536 0.057692307692307696 0.11298076923076923