10 0.609375 0.359375 0.07692307692307693 0.18269230769230768
2 0.6213942307692307 0.44350961538461536 0.06850961538461539 0.15625
9 0.36538461538461536 0.46153846153846156 0.06370192307692307 0.12259615384615384
8 0.1658653846153846 0.5408653846153846 0.0889423076923077 0.15745192307692307
3 0.7091346153846154 0.5456730769230769 0.06850961538461539 0.12740384615384615
9 0.2608173076923077 0.5480769230769231 0.06850961538461539 0.12379807692307693
5 0.8209134615384616 0.6262019230769231 0.09254807692307693 0.17067307692307693
11 0.15504807692307693 0.6526442307692307 0.09735576923076923 0.17427884615384615
3 0.7367788461538461 0.6538461538461539 0.07211538461538461 0.13221153846153846
9 0.25721153846153844 0.6538461538461539 0.0733173076923077 0.13341346153846154
7 0.25600961538461536 0.109375 0.07091346153846154 0.19110576923076922
5 0.7211538461538461 0.12379807692307693 0.056490384615384616 0.13221153846153846
3 0.6574519230769231 0.140625 0.04807692307692308 0.10216346153846154
9 0.3329326923076923 0.1466346153846154 0.05048076923076923 0.1045673076923077
2 0.7283653846153846 0.17908653846153846 0.05889423076923077 0.140625
9 0.026442307692307692 0.20793269230769232 0.04807692307692308 0.0985576923076923
3 0.08653846153846154 0.21634615384615385 0.055288461538461536 0.10216346153846154
11 0.38221153846153844 0.234375 0.056490384615384616 0.12980769230769232
0 0.7512019230769231 0.23918269230769232 0.05889423076923077 0.13822115384615385
3 0.6069711538461539 0.25240384615384615 0.054086538461538464 0.11177884615384616
9 0.45913461538461536 0.25600961538461536 0.054086538461538464 0.109375
1 0.7644230769230769 0.2668269230769231 0.0829326923076923 0.2091346153846154
4 0.38221153846153844 0.2848557692307692 0.07091346153846154 0.17548076923076922
6 0.027644230769230768 0.30408653846153844 0.054086538461538464 0.13221153846153846
9 0.2956730769230769 0.3137019230769231 0.05889423076923077 0.11177884615384616