9 0.7175480769230769 0.34615384615384615 0.03485576923076923 0.07451923076923077
1 0.19230769230769232 0.3737980769230769 0.07451923076923077 0.1658653846153846
10 0.8064903846153846 0.390625 0.06971153846153846 0.15144230769230768
9 0.4579326923076923 0.41947115384615385 0.037259615384615384 0.078125
9 0.5540865384615384 0.5 0.039663461538461536 0.08774038461538461
3 0.4483173076923077 0.5096153846153846 0.039663461538461536 0.0829326923076923
0 0.13822115384615385 0.5949519230769231 0.06850961538461539 0.12379807692307693
9 0.640625 0.6009615384615384 0.04447115384615385 0.08653846153846154
3 0.3545673076923077 0.6021634615384616 0.04326923076923077 0.08653846153846154
5 0.08533653846153846 0.7295673076923077 0.07572115384615384 0.11057692307692307
9 0.7536057692307693 0.7307692307692307 0.052884615384615384 0.09375
3 0.21754807692307693 0.734375 0.054086538461538464 0.09134615384615384
11 0.9002403846153846 0.7355769230769231 0.0733173076923077 0.11177884615384616
6 0.6177884615384616 0.15745192307692307 0.038461538461538464 0.10576923076923077
11 0.7548076923076923 0.15985576923076922 0.039663461538461536 0.08052884615384616
5 0.26802884615384615 0.1622596153846154 0.037259615384615384 0.08413461538461539
3 0.3329326923076923 0.16947115384615385 0.028846153846153848 0.06490384615384616
9 0.6790865384615384 0.16947115384615385 0.028846153846153848 0.07091346153846154
6 0.33052884615384615 0.19591346153846154 0.038461538461538464 0.10336538461538461
3 0.4014423076923077 0.21514423076923078 0.030048076923076924 0.06971153846153846
9 0.6033653846153846 0.22115384615384615 0.03125 0.06850961538461539
7 0.6911057692307693 0.24759615384615385 0.051682692307692304 0.1502403846153846
3 0.3016826923076923 0.27403846153846156 0.03365384615384615 0.07211538461538461
8 0.9759615384615384 0.31490384615384615 0.04326923076923077 0.10096153846153846
3 0.3233173076923077 0.33052884615384615 0.03365384615384615 0.07572115384615384