10 0.6129807692307693 0.34975961538461536 0.07692307692307693 0.18509615384615385
9 0.021634615384615384 0.43990384615384615 0.038461538461538464 0.10576923076923077
0 0.16826923076923078 0.046875 0.04567307692307692 0.09375
11 0.53125 0.04807692307692308 0.04807692307692308 0.09615384615384616
7 0.25721153846153844 0.5144230769230769 0.09975961538461539 0.22115384615384615
5 0.21514423076923078 0.056490384615384616 0.05048076923076923 0.11298076923076923
2 0.3245192307692308 0.06129807692307692 0.04567307692307692 0.11538461538461539
8 0.25721153846153844 0.07211538461538461 0.052884615384615384 0.09735576923076923
5 0.054086538461538464 0.10216346153846154 0.0625 0.12259615384615384
9 0.15384615384615385 0.12860576923076922 0.04927884615384615 0.09495192307692307
1 0.5336538461538461 0.15144230769230768 0.057692307692307696 0.19951923076923078
9 0.025240384615384616 0.20192307692307693 0.04927884615384615 0.09735576923076923
3 0.08653846153846154 0.21394230769230768 0.056490384615384616 0.0985576923076923
11 0.4495192307692308 0.234375 0.056490384615384616 0.14543269230769232
3 0.04807692307692308 0.3161057692307692 0.06129807692307692 0.10576923076923077