9 0.9603365384615384 0.36658653846153844 0.06009615384615385 0.0829326923076923
9 0.27283653846153844 0.4110576923076923 0.056490384615384616 0.10216346153846154
3 0.9663461538461539 0.4519230769230769 0.06370192307692307 0.09375
11 0.1778846153846154 0.46634615384615385 0.07211538461538461 0.13341346153846154
9 0.9771634615384616 0.5 0.04447115384615385 0.09735576923076923
1 0.23918269230769232 0.5420673076923077 0.0889423076923077 0.17668269230769232
7 0.5444711538461539 0.5528846153846154 0.08052884615384616 0.1778846153846154
9 0.9783653846153846 0.16466346153846154 0.042067307692307696 0.07091346153846154
9 0.6057692307692307 0.16706730769230768 0.04567307692307692 0.08533653846153846
0 0.9302884615384616 0.18269230769230768 0.054086538461538464 0.0985576923076923
9 0.9795673076923077 0.2247596153846154 0.039663461538461536 0.078125
5 0.9182692307692307 0.22956730769230768 0.06129807692307692 0.10817307692307693
8 0.3918269230769231 0.2536057692307692 0.054086538461538464 0.11658653846153846
0 0.9350961538461539 0.27283653846153844 0.0673076923076923 0.10817307692307693
3 0.9350961538461539 0.3233173076923077 0.051682692307692304 0.0829326923076923