4 0.20793269230769232 0.28725961538461536 0.07451923076923077 0.16826923076923078
1 0.19951923076923078 0.3605769230769231 0.08173076923076923 0.19471153846153846
5 0.14423076923076922 0.7319711538461539 0.07451923076923077 0.14182692307692307
5 0.2548076923076923 0.054086538461538464 0.055288461538461536 0.10817307692307693
0 0.24158653846153846 0.19951923076923078 0.05048076923076923 0.1346153846153846
0 0.2824519230769231 0.6153846153846154 0.0625 0.12740384615384615
3 0.29447115384615385 0.3942307692307692 0.04567307692307692 0.0985576923076923
3 0.2824519230769231 0.5024038461538461 0.05048076923076923 0.10576923076923077
3 0.3485576923076923 0.7439903846153846 0.055288461538461536 0.10336538461538461
3 0.375 0.6165865384615384 0.052884615384615384 0.11057692307692307
3 0.31850961538461536 0.21875 0.04326923076923077 0.09615384615384616
3 0.3329326923076923 0.13341346153846154 0.040865384615384616 0.09134615384615384
3 0.3389423076923077 0.04927884615384615 0.040865384615384616 0.0985576923076923
2 0.4110576923076923 0.1201923076923077 0.05048076923076923 0.1346153846153846
2 0.36538461538461536 0.4807692307692308 0.06490384615384616 0.14182692307692307
3 0.48197115384615385 0.2980769230769231 0.04567307692307692 0.10576923076923077
10 0.8185096153846154 0.2764423076923077 0.0625 0.17067307692307693
7 0.8329326923076923 0.36538461538461536 0.06971153846153846 0.19951923076923078
6 0.84375 0.49399038461538464 0.057692307692307696 0.13942307692307693
6 0.8149038461538461 0.19951923076923078 0.052884615384615384 0.1346153846153846
8 0.6370192307692307 0.19471153846153846 0.0625 0.15384615384615385
8 0.8353365384615384 0.6069711538461539 0.07211538461538461 0.15865384615384615
9 0.5444711538461539 0.7439903846153846 0.055288461538461536 0.10817307692307693
9 0.7403846153846154 0.6237980769230769 0.06009615384615385 0.10576923076923077
9 0.7391826923076923 0.5228365384615384 0.06009615384615385 0.11057692307692307
9 0.7295673076923077 0.4110576923076923 0.055288461538461536 0.10096153846153846
9 0.7271634615384616 0.3088942307692308 0.06009615384615385 0.10096153846153846
9 0.7259615384615384 0.21995192307692307 0.052884615384615384 0.09615384615384616
9 0.7223557692307693 0.1346153846153846 0.052884615384615384 0.09134615384615384
9 0.7211538461538461 0.051682692307692304 0.040865384615384616 0.09615384615384616
11 0.8004807692307693 0.051682692307692304 0.052884615384615384 0.10336538461538461
11 0.7463942307692307 0.75 0.06490384615384616 0.13701923076923078