4 0.5120192307692307 0.3485576923076923 0.042067307692307696 0.12379807692307693
3 0.6754807692307693 0.3641826923076923 0.03125 0.06850961538461539
11 0.2920673076923077 0.3713942307692308 0.04326923076923077 0.08052884615384616
5 0.5877403846153846 0.43509615384615385 0.036057692307692304 0.0829326923076923
3 0.3545673076923077 0.44711538461538464 0.03365384615384615 0.06850961538461539
8 0.6802884615384616 0.5048076923076923 0.04567307692307692 0.1045673076923077
1 0.34375 0.5168269230769231 0.06009615384615385 0.12980769230769232
3 0.4411057692307692 0.5324519230769231 0.03485576923076923 0.07211538461538461
9 0.16826923076923078 0.5372596153846154 0.046875 0.07211538461538461
3 0.7884615384615384 0.546875 0.038461538461538464 0.0733173076923077
9 0.5072115384615384 0.6225961538461539 0.03485576923076923 0.06971153846153846
6 0.6117788461538461 0.7175480769230769 0.04927884615384615 0.10336538461538461
7 0.28365384615384615 0.7451923076923077 0.07451923076923077 0.13581730769230768
3 0.5180288461538461 0.1778846153846154 0.02283653846153846 0.06129807692307692
3 0.31971153846153844 0.1814903846153846 0.028846153846153848 0.05889423076923077
2 0.6502403846153846 0.21514423076923078 0.036057692307692304 0.09375
10 0.5072115384615384 0.21754807692307693 0.039663461538461536 0.12139423076923077
9 0.7235576923076923 0.22596153846153846 0.030048076923076924 0.06610576923076923
8 0.7367788461538461 0.27884615384615385 0.038461538461538464 0.09735576923076923
9 0.6526442307692307 0.28966346153846156 0.030048076923076924 0.06610576923076923
2 0.3701923076923077 0.296875 0.04326923076923077 0.09615384615384616
0 0.2932692307692308 0.296875 0.038461538461538464 0.09134615384615384