5 0.027644230769230768 0.47115384615384615 0.054086538461538464 0.09254807692307693
11 0.8401442307692307 0.5817307692307693 0.06129807692307692 0.10216346153846154
6 0.12379807692307693 0.6009615384615384 0.07211538461538461 0.1201923076923077
9 0.3173076923076923 0.7283653846153846 0.046875 0.09014423076923077
3 0.6694711538461539 0.7331730769230769 0.04567307692307692 0.08774038461538461
6 0.6586538461538461 0.14783653846153846 0.03485576923076923 0.09975961538461539
3 0.46634615384615385 0.1622596153846154 0.02403846153846154 0.06370192307692307
9 0.042067307692307696 0.20552884615384615 0.03485576923076923 0.06490384615384616
8 0.44591346153846156 0.2091346153846154 0.036057692307692304 0.109375
9 0.05889423076923077 0.21153846153846154 0.02403846153846154 0.06490384615384616
9 0.078125 0.22596153846153846 0.037259615384615384 0.0673076923076923
9 0.5408653846153846 0.27884615384615385 0.028846153846153848 0.06850961538461539