10 0.8040865384615384 0.3485576923076923 0.0889423076923077 0.18629807692307693
9 0.6370192307692307 0.45552884615384615 0.06370192307692307 0.12139423076923077
2 0.1814903846153846 0.5288461538461539 0.08533653846153846 0.16346153846153846
8 0.8329326923076923 0.5348557692307693 0.09014423076923077 0.1622596153846154
3 0.29086538461538464 0.5384615384615384 0.06850961538461539 0.12379807692307693
9 0.7403846153846154 0.5420673076923077 0.07091346153846154 0.12379807692307693
5 0.1778846153846154 0.625 0.09615384615384616 0.17548076923076922
3 0.26322115384615385 0.6490384615384616 0.07451923076923077 0.13341346153846154
11 0.8449519230769231 0.6514423076923077 0.0985576923076923 0.17427884615384615
9 0.7439903846153846 0.6514423076923077 0.07211538461538461 0.1346153846153846
7 0.7451923076923077 0.10216346153846154 0.07211538461538461 0.19110576923076922
5 0.2776442307692308 0.12139423076923077 0.05889423076923077 0.13701923076923078
6 0.6057692307692307 0.12740384615384615 0.052884615384615384 0.12980769230769232
3 0.34375 0.13581730769230768 0.05048076923076923 0.09975961538461539
9 0.6730769230769231 0.140625 0.052884615384615384 0.09975961538461539
4 0.6057692307692307 0.16466346153846154 0.06490384615384616 0.15865384615384615
2 0.27163461538461536 0.17548076923076922 0.06129807692307692 0.13942307692307693
9 0.9747596153846154 0.20432692307692307 0.04567307692307692 0.10096153846153846
3 0.9158653846153846 0.21033653846153846 0.055288461538461536 0.09975961538461539
11 0.765625 0.23557692307692307 0.07091346153846154 0.14423076923076922
0 0.24879807692307693 0.23677884615384615 0.057692307692307696 0.140625
3 0.3942307692307692 0.24639423076923078 0.055288461538461536 0.11177884615384616
9 0.6117788461538461 0.25 0.056490384615384616 0.11057692307692307
1 0.23557692307692307 0.265625 0.08413461538461539 0.20793269230769232
9 0.7043269230769231 0.31009615384615385 0.06009615384615385 0.1141826923076923