4 0.5805288461538461 0.35336538461538464 0.04326923076923077 0.12259615384615384
0 0.2776442307692308 0.36658653846153844 0.04326923076923077 0.09735576923076923
3 0.44711538461538464 0.36899038461538464 0.03125 0.0673076923076923
11 0.20072115384615385 0.3737980769230769 0.04567307692307692 0.07932692307692307
3 0.7596153846153846 0.3798076923076923 0.03365384615384615 0.06971153846153846
10 0.5084134615384616 0.4254807692307692 0.04567307692307692 0.12620192307692307
6 0.6838942307692307 0.42908653846153844 0.042067307692307696 0.10216346153846154
9 0.3317307692307692 0.43990384615384615 0.03365384615384615 0.06610576923076923
6 0.2860576923076923 0.45913461538461536 0.04567307692307692 0.09615384615384616
9 0.18870192307692307 0.47475961538461536 0.04326923076923077 0.07211538461538461
7 0.33413461538461536 0.49399038461538464 0.05889423076923077 0.1346153846153846
8 0.7704326923076923 0.5024038461538461 0.052884615384615384 0.1045673076923077
0 0.1622596153846154 0.5492788461538461 0.057692307692307696 0.09615384615384616
9 0.59375 0.5492788461538461 0.03485576923076923 0.06971153846153846
8 0.78125 0.6165865384615384 0.04927884615384615 0.10096153846153846
9 0.5997596153846154 0.6334134615384616 0.036057692307692304 0.07451923076923077
9 0.3389423076923077 0.6346153846153846 0.037259615384615384 0.07211538461538461
11 0.41947115384615385 0.6370192307692307 0.04326923076923077 0.08774038461538461
2 0.41225961538461536 0.7115384615384616 0.04567307692307692 0.10576923076923077
9 0.25 0.7572115384615384 0.046875 0.07572115384615384
9 0.7896634615384616 0.7740384615384616 0.04567307692307692 0.07572115384615384
3 0.25961538461538464 0.19471153846153846 0.028846153846153848 0.06009615384615385
5 0.7223557692307693 0.22235576923076922 0.03365384615384615 0.078125
3 0.6466346153846154 0.23076923076923078 0.026442307692307692 0.06370192307692307
3 0.5144230769230769 0.23197115384615385 0.02283653846153846 0.057692307692307696
5 0.3088942307692308 0.23918269230769232 0.037259615384615384 0.078125
3 0.4362980769230769 0.23918269230769232 0.027644230769230768 0.0625
2 0.5228365384615384 0.28125 0.03365384615384615 0.09495192307692307
1 0.21033653846153846 0.28846153846153844 0.05889423076923077 0.12980769230769232
9 0.6454326923076923 0.2920673076923077 0.030048076923076924 0.06490384615384616
3 0.43990384615384615 0.30288461538461536 0.027644230769230768 0.06370192307692307
3 0.2824519230769231 0.3125 0.03125 0.06370192307692307