9 0.021634615384615384 0.43990384615384615 0.042067307692307696 0.10817307692307693
11 0.5300480769230769 0.046875 0.04567307692307692 0.09375
0 0.16947115384615385 0.04927884615384615 0.046875 0.0985576923076923
5 0.21394230769230768 0.056490384615384616 0.04326923076923077 0.11298076923076923
7 0.13822115384615385 0.6105769230769231 0.1201923076923077 0.22355769230769232
2 0.32572115384615385 0.06370192307692307 0.046875 0.1141826923076923
8 0.25841346153846156 0.07451923076923077 0.052884615384615384 0.09495192307692307
5 0.052884615384615384 0.0985576923076923 0.06610576923076923 0.12620192307692307
9 0.15504807692307693 0.12740384615384615 0.05048076923076923 0.09495192307692307
9 0.3329326923076923 0.14302884615384615 0.051682692307692304 0.10216346153846154
11 0.4639423076923077 0.171875 0.055288461538461536 0.14423076923076922
9 0.026442307692307692 0.20432692307692307 0.04807692307692308 0.10096153846153846
3 0.08653846153846154 0.2127403846153846 0.056490384615384616 0.09975961538461539
10 0.7680288461538461 0.21754807692307693 0.08413461538461539 0.17307692307692307
3 0.04807692307692308 0.31490384615384615 0.0625 0.1045673076923077
1 0.6875 0.3233173076923077 0.0829326923076923 0.2127403846153846