3 0.53125 0.3401442307692308 0.03365384615384615 0.07692307692307693
9 0.44711538461538464 0.34375 0.03245192307692308 0.07211538461538461
4 0.8088942307692307 0.3786057692307692 0.06971153846153846 0.1466346153846154
10 0.17668269230769232 0.39783653846153844 0.07451923076923077 0.1466346153846154
0 0.6225961538461539 0.40024038461538464 0.04326923076923077 0.1141826923076923
3 0.7103365384615384 0.4074519230769231 0.037259615384615384 0.07692307692307693
9 0.4567307692307692 0.41225961538461536 0.037259615384615384 0.08173076923076923
0 0.8305288461538461 0.47596153846153844 0.056490384615384616 0.11899038461538461
8 0.3545673076923077 0.4855769230769231 0.05048076923076923 0.1201923076923077
3 0.6177884615384616 0.49278846153846156 0.037259615384615384 0.08413461538461539
9 0.2692307692307692 0.5132211538461539 0.042067307692307696 0.08413461538461539
2 0.8497596153846154 0.5745192307692307 0.06610576923076923 0.11899038461538461
3 0.7427884615384616 0.6021634615384616 0.042067307692307696 0.08533653846153846
9 0.43028846153846156 0.6033653846153846 0.040865384615384616 0.08533653846153846
11 0.12860576923076922 0.609375 0.06490384615384616 0.10576923076923077
6 0.33653846153846156 0.7007211538461539 0.055288461538461536 0.12620192307692307
3 0.7620192307692307 0.7127403846153846 0.051682692307692304 0.0889423076923077
5 0.8762019230769231 0.7139423076923077 0.06971153846153846 0.11177884615384616
9 0.21875 0.7475961538461539 0.052884615384615384 0.08774038461538461
5 0.7247596153846154 0.15264423076923078 0.03485576923076923 0.078125
3 0.6550480769230769 0.15865384615384615 0.027644230769230768 0.06490384615384616
9 0.3894230769230769 0.16947115384615385 0.027644230769230768 0.06850961538461539
11 0.25 0.17307692307692307 0.037259615384615384 0.08052884615384616
6 0.3004807692307692 0.21033653846153846 0.039663461538461536 0.10216346153846154
3 0.6670673076923077 0.21634615384615385 0.03125 0.06850961538461539
9 0.4423076923076923 0.22355769230769232 0.03245192307692308 0.07091346153846154
2 0.6009615384615384 0.2620192307692308 0.040865384615384616 0.11057692307692307
8 0.37259615384615385 0.2644230769230769 0.038461538461538464 0.109375
3 0.6778846153846154 0.27403846153846156 0.030048076923076924 0.07091346153846154
9 0.29086538461538464 0.28846153846153844 0.03245192307692308 0.07211538461538461
1 0.7872596153846154 0.296875 0.06009615384615385 0.15865384615384615
7 0.19831730769230768 0.31490384615384615 0.06850961538461539 0.15144230769230768