4 0.1935096153846154 0.28966346153846156 0.07451923076923077 0.16346153846153846
1 0.18389423076923078 0.3629807692307692 0.08173076923076923 0.1875
0 0.16105769230769232 0.4879807692307692 0.06490384615384616 0.13701923076923078
0 0.22355769230769232 0.20192307692307693 0.055288461538461536 0.12740384615384615
2 0.23798076923076922 0.12379807692307693 0.06009615384615385 0.11778846153846154
2 0.140625 0.6069711538461539 0.07932692307692307 0.12259615384615384
5 0.12379807692307693 0.7355769230769231 0.07692307692307693 0.12980769230769232
5 0.24158653846153846 0.052884615384615384 0.052884615384615384 0.10576923076923077
3 0.3245192307692308 0.052884615384615384 0.04326923076923077 0.09615384615384616
3 0.3161057692307692 0.13341346153846154 0.040865384615384616 0.09375
3 0.30288461538461536 0.21754807692307693 0.04326923076923077 0.09615384615384616
3 0.2920673076923077 0.29927884615384615 0.04326923076923077 0.0985576923076923
3 0.2776442307692308 0.3954326923076923 0.05048076923076923 0.0985576923076923
3 0.26322115384615385 0.5060096153846154 0.055288461538461536 0.10576923076923077
3 0.24519230769230768 0.6153846153846154 0.052884615384615384 0.11057692307692307
3 0.22716346153846154 0.7391826923076923 0.055288461538461536 0.10817307692307693
10 0.8016826923076923 0.2668269230769231 0.06490384615384616 0.17067307692307693
7 0.8125 0.35336538461538464 0.07211538461538461 0.19471153846153846
6 0.796875 0.18870192307692307 0.052884615384615384 0.13701923076923078
6 0.8233173076923077 0.4807692307692308 0.057692307692307696 0.13221153846153846
8 0.7836538461538461 0.11057692307692307 0.055288461538461536 0.12740384615384615
8 0.8137019230769231 0.5973557692307693 0.06490384615384616 0.14182692307692307
11 0.8377403846153846 0.7451923076923077 0.07211538461538461 0.13701923076923078
11 0.7836538461538461 0.04447115384615385 0.04807692307692308 0.0889423076923077
9 0.7055288461538461 0.12620192307692307 0.04567307692307692 0.0985576923076923
9 0.7055288461538461 0.046875 0.04567307692307692 0.09375
9 0.7055288461538461 0.21153846153846154 0.04326923076923077 0.0985576923076923
9 0.7091346153846154 0.29927884615384615 0.04567307692307692 0.10336538461538461
9 0.7079326923076923 0.4014423076923077 0.04807692307692308 0.10096153846153846
9 0.7151442307692307 0.5060096153846154 0.04807692307692308 0.0985576923076923
9 0.7151442307692307 0.6081730769230769 0.052884615384615384 0.10576923076923077
9 0.7259615384615384 0.734375 0.06490384615384616 0.11298076923076923