4 0.7764423076923077 0.30528846153846156 0.07451923076923077 0.16826923076923078
1 0.7836538461538461 0.3798076923076923 0.08173076923076923 0.19230769230769232
0 0.8028846153846154 0.5096153846153846 0.06490384615384616 0.13942307692307693
0 0.75 0.21514423076923078 0.055288461538461536 0.12980769230769232
2 0.7391826923076923 0.1346153846153846 0.06009615384615385 0.1201923076923077
2 0.8173076923076923 0.6298076923076923 0.07932692307692307 0.125
5 0.8305288461538461 0.7620192307692307 0.07692307692307693 0.1346153846153846
5 0.7379807692307693 0.06610576923076923 0.052884615384615384 0.10096153846153846
3 0.6526442307692307 0.06370192307692307 0.04326923076923077 0.09615384615384616
3 0.6574519230769231 0.14423076923076922 0.04326923076923077 0.09615384615384616
3 0.6682692307692307 0.22956730769230768 0.04567307692307692 0.0985576923076923
3 0.6754807692307693 0.3125 0.04326923076923077 0.0985576923076923
3 0.6862980769230769 0.4110576923076923 0.05048076923076923 0.10096153846153846
3 0.6971153846153846 0.5240384615384616 0.055288461538461536 0.10817307692307693
3 0.7103365384615384 0.6370192307692307 0.052884615384615384 0.11298076923076923
3 0.7235576923076923 0.7632211538461539 0.055288461538461536 0.11298076923076923
10 0.15745192307692307 0.2704326923076923 0.06490384615384616 0.17548076923076922
7 0.14302884615384615 0.359375 0.07211538461538461 0.20192307692307693
6 0.16466346153846154 0.19110576923076922 0.052884615384615384 0.13942307692307693
6 0.12620192307692307 0.4891826923076923 0.057692307692307696 0.13701923076923078
8 0.18269230769230768 0.11298076923076923 0.055288461538461536 0.13221153846153846
8 0.1310096153846154 0.6081730769230769 0.0673076923076923 0.1466346153846154
11 0.09975961538461539 0.7584134615384616 0.07211538461538461 0.13942307692307693
11 0.18509615384615385 0.04807692307692308 0.05048076923076923 0.08653846153846154
9 0.2608173076923077 0.12860576923076922 0.04567307692307692 0.10096153846153846
9 0.2644230769230769 0.05048076923076923 0.04326923076923077 0.0889423076923077
9 0.25721153846153844 0.21514423076923078 0.04326923076923077 0.0985576923076923
9 0.25 0.30528846153846156 0.04807692307692308 0.10576923076923077
9 0.24759615384615385 0.4098557692307692 0.04807692307692308 0.10336538461538461
9 0.23557692307692307 0.5180288461538461 0.05048076923076923 0.0985576923076923
9 0.23076923076923078 0.6225961538461539 0.052884615384615384 0.10817307692307693
9 0.21514423076923078 0.7487980769230769 0.06490384615384616 0.11538461538461539