9 0.23677884615384615 0.14543269230769232 0.06490384615384616 0.11778846153846154
6 0.41947115384615385 0.42788461538461536 0.06490384615384616 0.14903846153846154
7 0.12139423076923077 0.2932692307692308 0.08413461538461539 0.21875
10 0.3125 0.12980769230769232 0.06971153846153846 0.18990384615384615
11 0.4098557692307692 0.3317307692307692 0.0673076923076923 0.13701923076923078
8 0.42908653846153844 0.6598557692307693 0.07211538461538461 0.1658653846153846
9 0.21995192307692307 0.32572115384615385 0.0625 0.12740384615384615
9 0.32572115384615385 0.5661057692307693 0.06490384615384616 0.12980769230769232
5 0.23076923076923078 0.055288461538461536 0.06490384615384616 0.11057692307692307
2 0.2091346153846154 0.6550480769230769 0.07451923076923077 0.16826923076923078
1 0.765625 0.29086538461538464 0.0985576923076923 0.22115384615384615
3 0.5276442307692307 0.6790865384615384 0.0625 0.12740384615384615
3 0.5733173076923077 0.34375 0.055288461538461536 0.12259615384615384
3 0.59375 0.5456730769230769 0.0625 0.1346153846153846