11 0.8028846153846154 0.09134615384615384 0.0625 0.12740384615384615
7 0.8317307692307693 0.3076923076923077 0.07932692307692307 0.20432692307692307
10 0.65625 0.14423076923076922 0.06971153846153846 0.19471153846153846
6 0.6418269230769231 0.4266826923076923 0.06009615384615385 0.14903846153846154
6 0.8137019230769231 0.15264423076923078 0.06490384615384616 0.14903846153846154
8 0.765625 0.7872596153846154 0.08173076923076923 0.16346153846153846
9 0.7259615384615384 0.16706730769230768 0.052884615384615384 0.11778846153846154
9 0.7415865384615384 0.33413461538461536 0.05048076923076923 0.10576923076923077
9 0.7367788461538461 0.4362980769230769 0.06490384615384616 0.11538461538461539
9 0.6442307692307693 0.5637019230769231 0.052884615384615384 0.11778846153846154
1 0.23197115384615385 0.3016826923076923 0.08413461538461539 0.21153846153846154
0 0.39783653846153844 0.15985576923076922 0.06009615384615385 0.14903846153846154
5 0.42788461538461536 0.07572115384615384 0.06009615384615385 0.13221153846153846
5 0.49399038461538464 0.1658653846153846 0.0625 0.12980769230769232
2 0.7584134615384616 0.6382211538461539 0.0889423076923077 0.16346153846153846
2 0.5600961538461539 0.24879807692307693 0.0625 0.12980769230769232
3 0.25961538461538464 0.7764423076923077 0.06971153846153846 0.1346153846153846
3 0.5817307692307693 0.1778846153846154 0.055288461538461536 0.11057692307692307
3 0.3173076923076923 0.34375 0.05048076923076923 0.11298076923076923
3 0.3942307692307692 0.5432692307692307 0.06009615384615385 0.12259615384615384
3 0.45552884615384615 0.6694711538461539 0.06490384615384616 0.12259615384615384