1 0.7740384615384616 0.2824519230769231 0.0985576923076923 0.22115384615384615
11 0.41346153846153844 0.3125 0.07451923076923077 0.14903846153846154
8 0.3293269230769231 0.40625 0.07451923076923077 0.16105769230769232
6 0.4254807692307692 0.41586538461538464 0.06971153846153846 0.17067307692307693
10 0.31490384615384615 0.10336538461538461 0.07932692307692307 0.19471153846153846
7 0.125 0.2692307692307692 0.09134615384615384 0.23317307692307693
9 0.23677884615384615 0.12620192307692307 0.06490384615384616 0.11538461538461539
9 0.22596153846153846 0.3112980769230769 0.0625 0.125
9 0.33653846153846156 0.5528846153846154 0.06490384615384616 0.13221153846153846
5 0.23076923076923078 0.04807692307692308 0.07211538461538461 0.09615384615384616
3 0.5841346153846154 0.3269230769230769 0.0625 0.12980769230769232
3 0.41586538461538464 0.5324519230769231 0.06490384615384616 0.1201923076923077
3 0.5420673076923077 0.6706730769230769 0.06971153846153846 0.12980769230769232