1 0.2403846153846154 0.3016826923076923 0.0889423076923077 0.2091346153846154
11 0.5841346153846154 0.33413461538461536 0.0673076923076923 0.14182692307692307
8 0.6682692307692307 0.42427884615384615 0.06971153846153846 0.15144230769230768
6 0.5769230769230769 0.43028846153846156 0.0625 0.16105769230769232
10 0.6706730769230769 0.13581730769230768 0.07211538461538461 0.18269230769230768
7 0.8581730769230769 0.296875 0.08413461538461539 0.22115384615384615
9 0.7463942307692307 0.15865384615384615 0.06009615384615385 0.10817307692307693
9 0.7632211538461539 0.33413461538461536 0.057692307692307696 0.11778846153846154
9 0.6694711538461539 0.5637019230769231 0.06009615384615385 0.125
5 0.7475961538461539 0.06490384615384616 0.0673076923076923 0.12980769230769232
3 0.4230769230769231 0.3449519230769231 0.055288461538461536 0.12259615384615384
3 0.5913461538461539 0.5432692307692307 0.0625 0.11298076923076923
3 0.47596153846153844 0.671875 0.06490384615384616 0.12259615384615384