4 0.20192307692307693 0.31490384615384615 0.07211538461538461 0.16346153846153846
1 0.19471153846153846 0.3918269230769231 0.07692307692307693 0.1971153846153846
0 0.27403846153846156 0.6490384615384616 0.06009615384615385 0.14423076923076922
0 0.23677884615384615 0.2247596153846154 0.055288461538461536 0.14182692307692307
11 0.13701923076923078 0.7728365384615384 0.07932692307692307 0.14423076923076922
11 0.2512019230769231 0.07572115384615384 0.052884615384615384 0.12259615384615384
2 0.5588942307692307 0.41586538461538464 0.06009615384615385 0.13701923076923078
2 0.40625 0.140625 0.05048076923076923 0.13701923076923078
3 0.328125 0.15745192307692307 0.04326923076923077 0.0889423076923077
3 0.33774038461538464 0.06610576923076923 0.04567307692307692 0.10096153846153846
3 0.27524038461538464 0.5360576923076923 0.05048076923076923 0.10336538461538461
3 0.29086538461538464 0.4254807692307692 0.05048076923076923 0.10576923076923077
3 0.31850961538461536 0.23918269230769232 0.04567307692307692 0.10576923076923077
3 0.4807692307692308 0.3173076923076923 0.04326923076923077 0.11057692307692307
3 0.37259615384615385 0.6490384615384616 0.052884615384615384 0.11298076923076923
3 0.3401442307692308 0.7788461538461539 0.057692307692307696 0.1201923076923077
11 0.8112980769230769 0.057692307692307696 0.057692307692307696 0.11298076923076923
11 0.75 0.7788461538461539 0.07211538461538461 0.13942307692307693
7 0.8413461538461539 0.38100961538461536 0.07932692307692307 0.20673076923076922
10 0.8293269230769231 0.2920673076923077 0.07932692307692307 0.17548076923076922
6 0.8521634615384616 0.5132211538461539 0.0673076923076923 0.1466346153846154
6 0.6478365384615384 0.06009615384615385 0.055288461538461536 0.11538461538461539
8 0.6430288461538461 0.2091346153846154 0.06009615384615385 0.13942307692307693
8 0.8413461538461539 0.6310096153846154 0.07692307692307693 0.1466346153846154
9 0.5444711538461539 0.7728365384615384 0.057692307692307696 0.11298076923076923
9 0.7415865384615384 0.5360576923076923 0.05048076923076923 0.10336538461538461
9 0.7415865384615384 0.6454326923076923 0.0625 0.11057692307692307
9 0.7319711538461539 0.43028846153846156 0.05048076923076923 0.10817307692307693
9 0.5637019230769231 0.3173076923076923 0.04807692307692308 0.10096153846153846
9 0.5757211538461539 0.1502403846153846 0.04807692307692308 0.0985576923076923
9 0.7295673076923077 0.23317307692307693 0.04807692307692308 0.10817307692307693
9 0.7283653846153846 0.06370192307692307 0.04807692307692308 0.10817307692307693