4 0.18509615384615385 0.29086538461538464 0.07211538461538461 0.16346153846153846
1 0.18028846153846154 0.36778846153846156 0.07451923076923077 0.19951923076923078
0 0.265625 0.6262019230769231 0.057692307692307696 0.1466346153846154
0 0.21634615384615385 0.19951923076923078 0.055288461538461536 0.14182692307692307
11 0.13221153846153846 0.7524038461538461 0.07932692307692307 0.1466346153846154
11 0.22596153846153846 0.0625 0.052884615384615384 0.0985576923076923
2 0.546875 0.38822115384615385 0.0625 0.13701923076923078
2 0.38461538461538464 0.11298076923076923 0.05048076923076923 0.13942307692307693
3 0.30649038461538464 0.1310096153846154 0.04326923076923077 0.0889423076923077
3 0.3125 0.051682692307692304 0.04567307692307692 0.07932692307692307
3 0.265625 0.5144230769230769 0.05048076923076923 0.10336538461538461
3 0.2764423076923077 0.4026442307692308 0.05048076923076923 0.10576923076923077
3 0.2980769230769231 0.21394230769230768 0.04567307692307692 0.10576923076923077
3 0.46634615384615385 0.29086538461538464 0.04326923076923077 0.11057692307692307
3 0.36538461538461536 0.625 0.052884615384615384 0.11538461538461539
3 0.33653846153846156 0.7560096153846154 0.057692307692307696 0.1201923076923077
11 0.7896634615384616 0.042067307692307696 0.057692307692307696 0.07692307692307693
11 0.7487980769230769 0.7512019230769231 0.07211538461538461 0.14182692307692307
7 0.8293269230769231 0.35096153846153844 0.08173076923076923 0.2091346153846154
10 0.8137019230769231 0.2608173076923077 0.07932692307692307 0.1778846153846154
6 0.8449519230769231 0.48197115384615385 0.0673076923076923 0.1466346153846154
6 0.6237980769230769 0.046875 0.055288461538461536 0.08173076923076923
8 0.625 0.1778846153846154 0.06009615384615385 0.14182692307692307
8 0.8365384615384616 0.5997596153846154 0.07692307692307693 0.14903846153846154
9 0.5420673076923077 0.7487980769230769 0.057692307692307696 0.11298076923076923
9 0.7331730769230769 0.5072115384615384 0.05048076923076923 0.10336538461538461
9 0.7367788461538461 0.6165865384615384 0.0625 0.11057692307692307
9 0.7211538461538461 0.4014423076923077 0.05048076923076923 0.11057692307692307
9 0.5492788461538461 0.29086538461538464 0.04567307692307692 0.10336538461538461
9 0.5552884615384616 0.12139423076923077 0.04567307692307692 0.10096153846153846
9 0.7127403846153846 0.203125 0.04807692307692308 0.10817307692307693
9 0.7067307692307693 0.04567307692307692 0.04807692307692308 0.08173076923076923