7 0.16466346153846154 0.4266826923076923 0.08413461538461539 0.21153846153846154
11 0.19110576923076922 0.10216346153846154 0.06490384615384616 0.12980769230769232
6 0.18269230769230768 0.16466346153846154 0.06490384615384616 0.15384615384615385
6 0.15384615384615385 0.6947115384615384 0.08173076923076923 0.14903846153846154
8 0.17067307692307693 0.5709134615384616 0.0673076923076923 0.14423076923076922
8 0.3557692307692308 0.3425480769230769 0.06009615384615385 0.13701923076923078
10 0.3449519230769231 0.15985576923076922 0.07211538461538461 0.18028846153846154
9 0.41466346153846156 0.09495192307692307 0.052884615384615384 0.11298076923076923
9 0.421875 0.2608173076923077 0.055288461538461536 0.10817307692307693
9 0.27283653846153844 0.17908653846153846 0.052884615384615384 0.11298076923076923
9 0.2644230769230769 0.35697115384615385 0.055288461538461536 0.11057692307692307
9 0.26802884615384615 0.46033653846153844 0.0625 0.11298076923076923
9 0.25961538461538464 0.6935096153846154 0.0673076923076923 0.11778846153846154
4 0.5324519230769231 0.43509615384615385 0.06971153846153846 0.19230769230769232
0 0.3713942307692308 0.5649038461538461 0.0673076923076923 0.15144230769230768
2 0.6069711538461539 0.3485576923076923 0.0673076923076923 0.14903846153846154
2 0.6598557692307693 0.671875 0.07211538461538461 0.16826923076923078
1 0.7872596153846154 0.3016826923076923 0.08653846153846154 0.20432692307692307
0 0.65625 0.09014423076923077 0.06009615384615385 0.14182692307692307
5 0.7403846153846154 0.0889423076923077 0.06009615384615385 0.12980769230769232
5 0.8293269230769231 0.5540865384615384 0.07451923076923077 0.14903846153846154
3 0.7716346153846154 0.8052884615384616 0.06490384615384616 0.11778846153846154
3 0.6983173076923077 0.3557692307692308 0.055288461538461536 0.10817307692307693
3 0.5841346153846154 0.18389423076923078 0.052884615384615384 0.11538461538461539
3 0.5216346153846154 0.27403846153846156 0.05048076923076923 0.11057692307692307
3 0.625 0.5528846153846154 0.055288461538461536 0.11778846153846154
3 0.5612980769230769 0.6899038461538461 0.057692307692307696 0.12259615384615384