5 0.8329326923076923 0.8353365384615384 0.08173076923076923 0.14423076923076922
5 0.7283653846153846 0.07692307692307693 0.06009615384615385 0.11778846153846154
4 0.6899038461538461 0.4338942307692308 0.07451923076923077 0.18269230769230768
1 0.7644230769230769 0.3112980769230769 0.09134615384615384 0.2091346153846154
2 0.8040865384615384 0.5769230769230769 0.07932692307692307 0.14423076923076922
2 0.5853365384615384 0.3545673076923077 0.0673076923076923 0.14423076923076922
0 0.7367788461538461 0.15745192307692307 0.0625 0.1466346153846154
0 0.49158653846153844 0.34134615384615385 0.055288461538461536 0.1466346153846154
3 0.7175480769230769 0.8377403846153846 0.06490384615384616 0.12259615384615384
3 0.6670673076923077 0.3581730769230769 0.05048076923076923 0.11298076923076923
3 0.5564903846153846 0.17668269230769232 0.05048076923076923 0.11778846153846154
3 0.484375 0.07932692307692307 0.04807692307692308 0.10817307692307693
3 0.4855769230769231 0.26802884615384615 0.04807692307692308 0.11298076923076923
3 0.5012019230769231 0.46634615384615385 0.052884615384615384 0.11298076923076923
3 0.5697115384615384 0.5757211538461539 0.052884615384615384 0.1201923076923077
3 0.5060096153846154 0.7067307692307693 0.06009615384615385 0.12980769230769232
7 0.10576923076923077 0.41466346153846156 0.08653846153846154 0.21153846153846154
8 0.3112980769230769 0.3389423076923077 0.06490384615384616 0.1466346153846154
8 0.09735576923076923 0.5685096153846154 0.07692307692307693 0.14423076923076922
11 0.29086538461538464 0.8221153846153846 0.07451923076923077 0.15384615384615385
11 0.15264423076923078 0.07572115384615384 0.057692307692307696 0.12980769230769232
6 0.13701923076923078 0.14182692307692307 0.0625 0.15384615384615385
6 0.07572115384615384 0.6959134615384616 0.06971153846153846 0.15144230769230768
10 0.23076923076923078 0.21754807692307693 0.07692307692307693 0.18028846153846154
9 0.23076923076923078 0.15985576923076922 0.04807692307692308 0.11298076923076923
9 0.2127403846153846 0.34375 0.05048076923076923 0.11057692307692307
9 0.38461538461538464 0.07451923076923077 0.05048076923076923 0.11298076923076923
9 0.38221153846153844 0.24879807692307693 0.052884615384615384 0.11538461538461539
9 0.20793269230769232 0.453125 0.055288461538461536 0.11298076923076923
9 0.1875 0.7019230769230769 0.06009615384615385 0.11778846153846154
9 0.39903846153846156 0.8341346153846154 0.0625 0.125
9 0.3870192307692308 0.5877403846153846 0.055288461538461536 0.1201923076923077