1 0.7920673076923077 0.3112980769230769 0.09375 0.23317307692307693
5 0.5793269230769231 0.08413461538461539 0.06490384615384616 0.14423076923076922
0 0.5132211538461539 0.24158653846153846 0.07451923076923077 0.16826923076923078
3 0.6983173076923077 0.359375 0.06009615384615385 0.125
3 0.6141826923076923 0.5757211538461539 0.06490384615384616 0.13221153846153846
3 0.5444711538461539 0.7067307692307693 0.06490384615384616 0.13942307692307693
3 0.41586538461538464 0.1875 0.06490384615384616 0.12980769230769232
2 0.33774038461538464 0.4651442307692308 0.07932692307692307 0.1658653846153846
2 0.21995192307692307 0.6826923076923077 0.08173076923076923 0.17548076923076922
8 0.20793269230769232 0.8401442307692307 0.08413461538461539 0.1658653846153846
11 0.17668269230769232 0.09134615384615384 0.07211538461538461 0.13942307692307693
10 0.3389423076923077 0.15144230769230768 0.07211538461538461 0.19230769230769232
7 0.140625 0.32211538461538464 0.09615384615384616 0.21875
6 0.43509615384615385 0.453125 0.06971153846153846 0.17067307692307693
9 0.3401442307692308 0.34615384615384615 0.057692307692307696 0.12259615384615384
9 0.2608173076923077 0.17307692307692307 0.0625 0.1201923076923077
9 0.2439903846153846 0.35697115384615385 0.06490384615384616 0.12980769230769232
9 0.3401442307692308 0.5997596153846154 0.07451923076923077 0.1346153846153846