2 0.41947115384615385 0.12860576923076922 0.06009615384615385 0.12980769230769232
2 0.5793269230769231 0.3918269230769231 0.06009615384615385 0.14423076923076922
0 0.3112980769230769 0.6201923076923077 0.0673076923076923 0.13701923076923078
0 0.25 0.21754807692307693 0.06009615384615385 0.13942307692307693
1 0.22235576923076922 0.36899038461538464 0.08173076923076923 0.20192307692307693
5 0.18389423076923078 0.7403846153846154 0.07932692307692307 0.14903846153846154
5 0.41947115384615385 0.05889423076923077 0.055288461538461536 0.11778846153846154
4 0.41466346153846156 0.29086538461538464 0.0625 0.17067307692307693
3 0.3449519230769231 0.13942307692307693 0.04807692307692308 0.09615384615384616
3 0.33653846153846156 0.2283653846153846 0.05048076923076923 0.10336538461538461
3 0.31009615384615385 0.5096153846153846 0.057692307692307696 0.10096153846153846
3 0.3173076923076923 0.4026442307692308 0.05048076923076923 0.10336538461538461
3 0.40625 0.6237980769230769 0.057692307692307696 0.11538461538461539
3 0.38221153846153844 0.7487980769230769 0.055288461538461536 0.11538461538461539
3 0.49038461538461536 0.06009615384615385 0.04567307692307692 0.0985576923076923
3 0.5012019230769231 0.3016826923076923 0.04567307692307692 0.10096153846153846
6 0.6502403846153846 0.051682692307692304 0.057692307692307696 0.10336538461538461
7 0.8533653846153846 0.36658653846153844 0.07932692307692307 0.20192307692307693
6 0.8725961538461539 0.4891826923076923 0.0673076923076923 0.13701923076923078
10 0.8353365384615384 0.2776442307692308 0.07692307692307693 0.1778846153846154
11 0.7800480769230769 0.7512019230769231 0.07211538461538461 0.14423076923076922
11 0.8064903846153846 0.052884615384615384 0.06009615384615385 0.10576923076923077
8 0.8677884615384616 0.6021634615384616 0.07692307692307693 0.1466346153846154
8 0.6538461538461539 0.19471153846153846 0.057692307692307696 0.13221153846153846
9 0.5817307692307693 0.3016826923076923 0.05048076923076923 0.10576923076923077
9 0.5853365384615384 0.13581730769230768 0.052884615384615384 0.10817307692307693
9 0.7295673076923077 0.052884615384615384 0.04807692307692308 0.10576923076923077
9 0.7367788461538461 0.21875 0.04807692307692308 0.10576923076923077
9 0.7512019230769231 0.4098557692307692 0.055288461538461536 0.10096153846153846
9 0.7632211538461539 0.5168269230769231 0.055288461538461536 0.0985576923076923
9 0.7680288461538461 0.6189903846153846 0.055288461538461536 0.10576923076923077
9 0.5841346153846154 0.7391826923076923 0.057692307692307696 0.10817307692307693