2 0.40865384615384615 0.140625 0.057692307692307696 0.12980769230769232
2 0.5528846153846154 0.4050480769230769 0.057692307692307696 0.14182692307692307
0 0.2764423076923077 0.6262019230769231 0.0673076923076923 0.13701923076923078
0 0.23677884615384615 0.22716346153846154 0.057692307692307696 0.13701923076923078
1 0.20072115384615385 0.3762019230769231 0.07932692307692307 0.20192307692307693
5 0.14423076923076922 0.7427884615384616 0.07692307692307693 0.14903846153846154
5 0.41346153846153844 0.06971153846153846 0.052884615384615384 0.11778846153846154
4 0.3954326923076923 0.30288461538461536 0.0625 0.16826923076923078
3 0.33413461538461536 0.15144230769230768 0.04567307692307692 0.09615384615384616
3 0.31971153846153844 0.23918269230769232 0.04807692307692308 0.10336538461538461
3 0.28125 0.5168269230769231 0.055288461538461536 0.10096153846153846
3 0.2920673076923077 0.4098557692307692 0.04807692307692308 0.10336538461538461
3 0.3701923076923077 0.6310096153846154 0.057692307692307696 0.11538461538461539
3 0.3389423076923077 0.7548076923076923 0.055288461538461536 0.11538461538461539
3 0.4831730769230769 0.07451923076923077 0.04567307692307692 0.0985576923076923
3 0.4807692307692308 0.3137019230769231 0.04567307692307692 0.10096153846153846
6 0.6418269230769231 0.06610576923076923 0.057692307692307696 0.11057692307692307
7 0.8257211538461539 0.38341346153846156 0.07692307692307693 0.20192307692307693
6 0.8377403846153846 0.5060096153846154 0.06490384615384616 0.1346153846153846
10 0.8125 0.2956730769230769 0.07692307692307693 0.1778846153846154
11 0.7331730769230769 0.7644230769230769 0.06971153846153846 0.14182692307692307
11 0.7956730769230769 0.06971153846153846 0.06009615384615385 0.11057692307692307
8 0.8269230769230769 0.6177884615384616 0.07451923076923077 0.1466346153846154
8 0.6370192307692307 0.21033653846153846 0.055288461538461536 0.13221153846153846
9 0.5600961538461539 0.31490384615384615 0.05048076923076923 0.10336538461538461
9 0.5721153846153846 0.1502403846153846 0.052884615384615384 0.10817307692307693
9 0.7199519230769231 0.06850961538461539 0.04807692307692308 0.10817307692307693
9 0.71875 0.23677884615384615 0.04807692307692308 0.10336538461538461
9 0.7223557692307693 0.4254807692307692 0.052884615384615384 0.10096153846153846
9 0.7283653846153846 0.5324519230769231 0.052884615384615384 0.0985576923076923
9 0.7271634615384616 0.6334134615384616 0.055288461538461536 0.10817307692307693
9 0.5396634615384616 0.7487980769230769 0.055288461538461536 0.10576923076923077