2 0.5961538461538461 0.11899038461538461 0.057692307692307696 0.1346153846153846
2 0.4387019230769231 0.3894230769230769 0.057692307692307696 0.1466346153846154
0 0.7163461538461539 0.6201923076923077 0.0673076923076923 0.14182692307692307
0 0.7716346153846154 0.20793269230769232 0.057692307692307696 0.14182692307692307
1 0.8028846153846154 0.3641826923076923 0.08173076923076923 0.20673076923076922
5 0.8485576923076923 0.7427884615384616 0.07932692307692307 0.15144230769230768
5 0.59375 0.054086538461538464 0.052884615384615384 0.10336538461538461
4 0.6045673076923077 0.2848557692307692 0.06009615384615385 0.17548076923076922
3 0.6730769230769231 0.12980769230769232 0.04567307692307692 0.0985576923076923
3 0.6838942307692307 0.22115384615384615 0.05048076923076923 0.10576923076923077
3 0.7151442307692307 0.5072115384615384 0.057692307692307696 0.10336538461538461
3 0.7067307692307693 0.39783653846153844 0.05048076923076923 0.10576923076923077
3 0.6189903846153846 0.625 0.057692307692307696 0.11778846153846154
3 0.6466346153846154 0.7536057692307693 0.055288461538461536 0.11778846153846154
3 0.5240384615384616 0.051682692307692304 0.04807692307692308 0.0985576923076923
3 0.5168269230769231 0.2956730769230769 0.04567307692307692 0.10336538461538461
6 0.3605769230769231 0.04927884615384615 0.055288461538461536 0.09134615384615384
7 0.15865384615384615 0.3641826923076923 0.07692307692307693 0.20673076923076922
6 0.140625 0.49038461538461536 0.06490384615384616 0.13942307692307693
10 0.17427884615384615 0.27403846153846156 0.07692307692307693 0.18269230769230768
11 0.2403846153846154 0.7572115384615384 0.07211538461538461 0.1466346153846154
11 0.20072115384615385 0.051682692307692304 0.06009615384615385 0.09375
8 0.14783653846153846 0.6045673076923077 0.07451923076923077 0.14903846153846154
8 0.3581730769230769 0.1875 0.055288461538461536 0.13701923076923078
9 0.4338942307692308 0.296875 0.05048076923076923 0.10817307692307693
9 0.42788461538461536 0.12740384615384615 0.052884615384615384 0.11057692307692307
9 0.2800480769230769 0.05048076923076923 0.04567307692307692 0.09375
9 0.27403846153846156 0.21394230769230768 0.04807692307692308 0.10817307692307693
9 0.26322115384615385 0.40865384615384615 0.055288461538461536 0.10336538461538461
9 0.2536057692307692 0.5180288461538461 0.055288461538461536 0.10096153846153846
9 0.25 0.6225961538461539 0.055288461538461536 0.11057692307692307
9 0.43990384615384615 0.7439903846153846 0.057692307692307696 0.11057692307692307