11 0.8245192307692307 0.08653846153846154 0.07692307692307693 0.1346153846153846
11 0.8245192307692307 0.08653846153846154 0.07692307692307693 0.1346153846153846
7 0.8689903846153846 0.421875 0.0985576923076923 0.23557692307692307
10 0.6694711538461539 0.1466346153846154 0.07692307692307693 0.19471153846153846
6 0.8413461538461539 0.15504807692307693 0.0673076923076923 0.15625
6 0.6670673076923077 0.44350961538461536 0.07451923076923077 0.15865384615384615
8 0.8088942307692307 0.8245192307692307 0.09375 0.18028846153846154
9 0.7475961538461539 0.17067307692307693 0.052884615384615384 0.12740384615384615
9 0.7680288461538461 0.35216346153846156 0.06009615384615385 0.11538461538461539
9 0.7728365384615384 0.45552884615384615 0.06490384615384616 0.12740384615384615
9 0.6706730769230769 0.5877403846153846 0.06971153846153846 0.12740384615384615
1 0.22596153846153846 0.3076923076923077 0.09615384615384616 0.22596153846153846
2 0.5901442307692307 0.8161057692307693 0.08413461538461539 0.17067307692307693
0 0.40384615384615385 0.15865384615384615 0.057692307692307696 0.14903846153846154
2 0.5745192307692307 0.2512019230769231 0.07211538461538461 0.1466346153846154
5 0.43028846153846156 0.078125 0.06009615384615385 0.1346153846153846
5 0.5048076923076923 0.1622596153846154 0.0673076923076923 0.13942307692307693
3 0.5949519230769231 0.18269230769230768 0.052884615384615384 0.11538461538461539
3 0.2692307692307692 0.8125 0.07451923076923077 0.125
3 0.31850961538461536 0.35336538461538464 0.057692307692307696 0.11538461538461539
3 0.40625 0.5600961538461539 0.06009615384615385 0.1201923076923077
3 0.47716346153846156 0.6911057692307693 0.0625 0.125