11 0.8040865384615384 0.10576923076923077 0.07211538461538461 0.13221153846153846
11 0.8040865384615384 0.10576923076923077 0.07211538461538461 0.13221153846153846
7 0.8413461538461539 0.43149038461538464 0.09134615384615384 0.23076923076923078
10 0.6538461538461539 0.16346153846153846 0.06971153846153846 0.1875
6 0.8185096153846154 0.17307692307692307 0.0625 0.15144230769230768
6 0.6454326923076923 0.4495192307692308 0.06971153846153846 0.15384615384615385
8 0.7776442307692307 0.8173076923076923 0.08653846153846154 0.17548076923076922
9 0.7295673076923077 0.18629807692307693 0.05048076923076923 0.125
9 0.7451923076923077 0.36177884615384615 0.057692307692307696 0.11298076923076923
9 0.7475961538461539 0.46153846153846156 0.06009615384615385 0.125
9 0.6490384615384616 0.5877403846153846 0.06490384615384616 0.12259615384615384
1 0.2247596153846154 0.31009615384615385 0.0889423076923077 0.21875
2 0.5661057692307693 0.8052884615384616 0.07932692307692307 0.1658653846153846
0 0.39783653846153844 0.16947115384615385 0.052884615384615384 0.14423076923076922
2 0.5600961538461539 0.2620192307692308 0.0673076923076923 0.14423076923076922
5 0.4254807692307692 0.09134615384615384 0.057692307692307696 0.13221153846153846
5 0.4951923076923077 0.17427884615384615 0.0625 0.13701923076923078
3 0.5817307692307693 0.19591346153846154 0.05048076923076923 0.11298076923076923
3 0.25721153846153844 0.796875 0.06971153846153846 0.12259615384615384
3 0.3125 0.3545673076923077 0.052884615384615384 0.11057692307692307
3 0.3942307692307692 0.5552884615384616 0.055288461538461536 0.11778846153846154
3 0.45913461538461536 0.6838942307692307 0.06009615384615385 0.1201923076923077