11 0.19591346153846154 0.10576923076923077 0.07211538461538461 0.13221153846153846
11 0.19591346153846154 0.10576923076923077 0.07211538461538461 0.13221153846153846
7 0.15865384615384615 0.43149038461538464 0.09134615384615384 0.23076923076923078
10 0.34615384615384615 0.16346153846153846 0.06971153846153846 0.1875
6 0.1814903846153846 0.17307692307692307 0.0625 0.15144230769230768
6 0.3545673076923077 0.4495192307692308 0.06971153846153846 0.15384615384615385
8 0.22235576923076922 0.8173076923076923 0.08653846153846154 0.17548076923076922
9 0.2704326923076923 0.18629807692307693 0.05048076923076923 0.125
9 0.2548076923076923 0.36177884615384615 0.057692307692307696 0.11298076923076923
9 0.25240384615384615 0.46153846153846156 0.06009615384615385 0.125
9 0.35096153846153844 0.5877403846153846 0.06490384615384616 0.12259615384615384
1 0.7752403846153846 0.31009615384615385 0.0889423076923077 0.21875
2 0.4338942307692308 0.8052884615384616 0.07932692307692307 0.1658653846153846
0 0.6021634615384616 0.16947115384615385 0.052884615384615384 0.14423076923076922
2 0.43990384615384615 0.2620192307692308 0.0673076923076923 0.14423076923076922
5 0.5745192307692307 0.09134615384615384 0.057692307692307696 0.13221153846153846
5 0.5048076923076923 0.17427884615384615 0.0625 0.13701923076923078
3 0.4182692307692308 0.19591346153846154 0.05048076923076923 0.11298076923076923
3 0.7427884615384616 0.796875 0.06971153846153846 0.12259615384615384
3 0.6875 0.3545673076923077 0.052884615384615384 0.11057692307692307
3 0.6057692307692307 0.5552884615384616 0.055288461538461536 0.11778846153846154
3 0.5408653846153846 0.6838942307692307 0.06009615384615385 0.1201923076923077