7 0.8257211538461539 0.359375 0.06971153846153846 0.1971153846153846
1 0.20552884615384615 0.35697115384615385 0.07451923076923077 0.19230769230769232
10 0.8125 0.27163461538461536 0.0673076923076923 0.17307692307692307
4 0.21153846153846154 0.2848557692307692 0.07451923076923077 0.1658653846153846
8 0.8293269230769231 0.5985576923076923 0.07211538461538461 0.13701923076923078
2 0.5528846153846154 0.38461538461538464 0.057692307692307696 0.13701923076923078
2 0.4098557692307692 0.11778846153846154 0.05048076923076923 0.13701923076923078
6 0.8377403846153846 0.4879807692307692 0.06009615384615385 0.1346153846153846
8 0.6346153846153846 0.18629807692307693 0.05048076923076923 0.1346153846153846
11 0.7379807692307693 0.7415865384615384 0.0625 0.1346153846153846
6 0.8100961538461539 0.19591346153846154 0.052884615384615384 0.1346153846153846
0 0.24639423076923078 0.19831730769230768 0.04807692307692308 0.13221153846153846
0 0.28125 0.6045673076923077 0.06009615384615385 0.13221153846153846
0 0.14543269230769232 0.7247596153846154 0.07211538461538461 0.12740384615384615
0 0.25841346153846156 0.051682692307692304 0.05048076923076923 0.10336538461538461
9 0.5408653846153846 0.7367788461538461 0.052884615384615384 0.11057692307692307
3 0.3713942307692308 0.6069711538461539 0.052884615384615384 0.10817307692307693
3 0.34375 0.734375 0.052884615384615384 0.10817307692307693
9 0.734375 0.5120192307692307 0.06009615384615385 0.10576923076923077
11 0.796875 0.04807692307692308 0.05048076923076923 0.09615384615384616
9 0.7331730769230769 0.6141826923076923 0.06009615384615385 0.10576923076923077
9 0.7247596153846154 0.4026442307692308 0.06009615384615385 0.10336538461538461
9 0.71875 0.04927884615384615 0.04326923076923077 0.0985576923076923
9 0.7199519230769231 0.21394230769230768 0.04807692307692308 0.10096153846153846
3 0.28365384615384615 0.4987980769230769 0.052884615384615384 0.10096153846153846
3 0.4807692307692308 0.28846153846153844 0.04807692307692308 0.10096153846153846
3 0.32091346153846156 0.21394230769230768 0.04326923076923077 0.10096153846153846
9 0.5721153846153846 0.12980769230769232 0.04326923076923077 0.10096153846153846
9 0.7247596153846154 0.3016826923076923 0.04807692307692308 0.0985576923076923
3 0.3329326923076923 0.13341346153846154 0.04326923076923077 0.09375
3 0.3401442307692308 0.04807692307692308 0.040865384615384616 0.09375
3 0.2932692307692308 0.390625 0.05048076923076923 0.10817307692307693