5 0.14182692307692307 0.7319711538461539 0.08173076923076923 0.16105769230769232
1 0.17908653846153846 0.484375 0.09375 0.21153846153846154
4 0.3954326923076923 0.2824519230769231 0.0673076923076923 0.1778846153846154
3 0.3161057692307692 0.21995192307692307 0.05048076923076923 0.11298076923076923
3 0.28966346153846156 0.39663461538461536 0.055288461538461536 0.11057692307692307
3 0.36538461538461536 0.49759615384615385 0.057692307692307696 0.11057692307692307
3 0.47596153846153844 0.04927884615384615 0.038461538461538464 0.0985576923076923
3 0.47716346153846156 0.29086538461538464 0.052884615384615384 0.10576923076923077
2 0.5504807692307693 0.38221153846153844 0.0673076923076923 0.14182692307692307
8 0.4879807692307692 0.12139423076923077 0.055288461538461536 0.13701923076923078
6 0.546875 0.5913461538461539 0.0625 0.14903846153846154
7 0.7295673076923077 0.35216346153846156 0.07932692307692307 0.20192307692307693
10 0.6346153846153846 0.2776442307692308 0.0625 0.18509615384615385
8 0.6370192307692307 0.47836538461538464 0.0673076923076923 0.14903846153846154
11 0.7944711538461539 0.04447115384615385 0.055288461538461536 0.0889423076923077
9 0.7175480769230769 0.04447115384615385 0.05048076923076923 0.0889423076923077
9 0.7139423076923077 0.19951923076923078 0.052884615384615384 0.10817307692307693
9 0.5576923076923077 0.28725961538461536 0.04807692307692308 0.10096153846153846
9 0.5420673076923077 0.7307692307692307 0.0625 0.11298076923076923
9 0.7295673076923077 0.6033653846153846 0.06009615384615385 0.11057692307692307
11 0.7355769230769231 0.734375 0.08173076923076923 0.14182692307692307