0 0.7524038461538461 0.14783653846153846 0.055288461538461536 0.1346153846153846
0 0.5216346153846154 0.32091346153846156 0.052884615384615384 0.1346153846153846
4 0.7115384615384616 0.41225961538461536 0.057692307692307696 0.17307692307692307
2 0.7800480769230769 0.29447115384615385 0.07932692307692307 0.19471153846153846
5 0.8509615384615384 0.7980769230769231 0.07932692307692307 0.14423076923076922
5 0.7391826923076923 0.07091346153846154 0.057692307692307696 0.12259615384615384
2 0.8209134615384616 0.5528846153846154 0.07692307692307693 0.14182692307692307
3 0.6887019230769231 0.3401442307692308 0.04807692307692308 0.10817307692307693
2 0.6081730769230769 0.3401442307692308 0.06490384615384616 0.14182692307692307
3 0.6646634615384616 0.07932692307692307 0.04807692307692308 0.10336538461538461
3 0.5817307692307693 0.16706730769230768 0.04807692307692308 0.10576923076923077
3 0.5144230769230769 0.2548076923076923 0.04807692307692308 0.10817307692307693
3 0.5252403846153846 0.44711538461538464 0.055288461538461536 0.10817307692307693
3 0.7415865384615384 0.796875 0.057692307692307696 0.11778846153846154
3 0.5973557692307693 0.5492788461538461 0.052884615384615384 0.11298076923076923
3 0.5348557692307693 0.6742788461538461 0.057692307692307696 0.11538461538461539
8 0.3449519230769231 0.31971153846153844 0.0625 0.13701923076923078
11 0.3293269230769231 0.7860576923076923 0.06971153846153846 0.14182692307692307
11 0.19110576923076922 0.0733173076923077 0.052884615384615384 0.1201923076923077
6 0.17668269230769232 0.1346153846153846 0.06009615384615385 0.1466346153846154
6 0.11899038461538461 0.6646634615384616 0.06971153846153846 0.1466346153846154
7 0.1466346153846154 0.4026442307692308 0.07932692307692307 0.20432692307692307
9 0.41586538461538464 0.23677884615384615 0.04807692307692308 0.10817307692307693
10 0.2668269230769231 0.2091346153846154 0.07451923076923077 0.17307692307692307
9 0.41466346153846156 0.07091346153846154 0.04567307692307692 0.10336538461538461
9 0.265625 0.14903846153846154 0.04567307692307692 0.10096153846153846
9 0.25 0.33052884615384615 0.052884615384615384 0.10576923076923077
9 0.24879807692307693 0.4338942307692308 0.057692307692307696 0.11298076923076923
9 0.22956730769230768 0.6706730769230769 0.05048076923076923 0.10576923076923077
9 0.421875 0.5564903846153846 0.05048076923076923 0.1201923076923077
9 0.4362980769230769 0.7992788461538461 0.06009615384615385 0.11298076923076923