5 0.41346153846153844 0.06129807692307692 0.057692307692307696 0.11298076923076923
5 0.18028846153846154 0.7247596153846154 0.07692307692307693 0.13942307692307693
1 0.22716346153846154 0.36177884615384615 0.09375 0.19951923076923078
4 0.41225961538461536 0.28966346153846156 0.07451923076923077 0.17307692307692307
3 0.33774038461538464 0.13822115384615385 0.04807692307692308 0.10576923076923077
3 0.3293269230769231 0.2247596153846154 0.04567307692307692 0.10576923076923077
3 0.3137019230769231 0.39903846153846156 0.052884615384615384 0.10576923076923077
3 0.30649038461538464 0.5036057692307693 0.052884615384615384 0.10576923076923077
3 0.49399038461538464 0.2980769230769231 0.05048076923076923 0.10336538461538461
3 0.4831730769230769 0.06370192307692307 0.04807692307692308 0.10336538461538461
2 0.41346153846153844 0.12620192307692307 0.05048076923076923 0.13221153846153846
2 0.5697115384615384 0.39302884615384615 0.0673076923076923 0.14182692307692307
6 0.7668269230769231 0.7439903846153846 0.06971153846153846 0.13942307692307693
6 0.8569711538461539 0.4879807692307692 0.07211538461538461 0.13942307692307693
11 0.7956730769230769 0.054086538461538464 0.06490384615384616 0.10817307692307693
7 0.8389423076923077 0.3629807692307692 0.08173076923076923 0.20192307692307693
10 0.6490384615384616 0.29447115384615385 0.08173076923076923 0.16826923076923078
8 0.6418269230769231 0.18990384615384615 0.057692307692307696 0.13701923076923078
8 0.8521634615384616 0.5997596153846154 0.07692307692307693 0.14182692307692307
9 0.5733173076923077 0.3016826923076923 0.04807692307692308 0.10576923076923077
9 0.71875 0.055288461538461536 0.052884615384615384 0.10576923076923077
9 0.71875 0.21394230769230768 0.055288461538461536 0.11057692307692307
9 0.7560096153846154 0.6141826923076923 0.06971153846153846 0.11538461538461539
9 0.5757211538461539 0.7307692307692307 0.06490384615384616 0.11778846153846154