5 0.41947115384615385 0.057692307692307696 0.06009615384615385 0.0985576923076923
5 0.15865384615384615 0.7524038461538461 0.08173076923076923 0.15144230769230768
1 0.21394230769230768 0.3641826923076923 0.0985576923076923 0.21394230769230768
4 0.41586538461538464 0.29086538461538464 0.07451923076923077 0.18509615384615385
3 0.3389423076923077 0.12740384615384615 0.05048076923076923 0.11298076923076923
3 0.328125 0.21875 0.04807692307692308 0.11538461538461539
3 0.3076923076923077 0.40625 0.055288461538461536 0.11298076923076923
3 0.29927884615384615 0.5180288461538461 0.055288461538461536 0.11538461538461539
3 0.5036057692307693 0.3004807692307692 0.052884615384615384 0.11057692307692307
3 0.4951923076923077 0.05889423076923077 0.05048076923076923 0.09375
2 0.41947115384615385 0.11538461538461539 0.052884615384615384 0.14182692307692307
2 0.5829326923076923 0.4026442307692308 0.0673076923076923 0.15384615384615385
6 0.7872596153846154 0.7836538461538461 0.07211538461538461 0.15144230769230768
6 0.8882211538461539 0.5108173076923077 0.07451923076923077 0.14903846153846154
11 0.8305288461538461 0.0625 0.06971153846153846 0.0889423076923077
7 0.8713942307692307 0.37740384615384615 0.08413461538461539 0.21875
10 0.6694711538461539 0.3004807692307692 0.08413461538461539 0.18269230769230768
8 0.6634615384615384 0.18870192307692307 0.057692307692307696 0.1466346153846154
8 0.8822115384615384 0.6310096153846154 0.07932692307692307 0.15384615384615385
9 0.5877403846153846 0.30528846153846156 0.05048076923076923 0.11298076923076923
9 0.7475961538461539 0.05889423076923077 0.052884615384615384 0.08653846153846154
9 0.7463942307692307 0.21394230769230768 0.057692307692307696 0.11778846153846154
9 0.7776442307692307 0.6442307692307693 0.07211538461538461 0.125
9 0.5817307692307693 0.765625 0.06971153846153846 0.12740384615384615