5 0.6009615384615384 0.06009615384615385 0.06009615384615385 0.11298076923076923
5 0.8822115384615384 0.7367788461538461 0.08173076923076923 0.14182692307692307
1 0.8100961538461539 0.36658653846153844 0.0985576923076923 0.20192307692307693
4 0.6165865384615384 0.2932692307692308 0.07692307692307693 0.17548076923076922
3 0.6802884615384616 0.13942307692307693 0.05048076923076923 0.10817307692307693
3 0.6971153846153846 0.22716346153846154 0.04807692307692308 0.10817307692307693
3 0.7247596153846154 0.4050480769230769 0.055288461538461536 0.10576923076923077
3 0.7379807692307693 0.5120192307692307 0.055288461538461536 0.10817307692307693
3 0.5324519230769231 0.3004807692307692 0.052884615384615384 0.10576923076923077
3 0.5288461538461539 0.06129807692307692 0.05048076923076923 0.10576923076923077
2 0.6045673076923077 0.12620192307692307 0.052884615384615384 0.1346153846153846
2 0.46153846153846156 0.39783653846153844 0.06971153846153846 0.14423076923076922
6 0.28365384615384615 0.7572115384615384 0.07451923076923077 0.14182692307692307
6 0.17427884615384615 0.4951923076923077 0.07451923076923077 0.14182692307692307
11 0.2091346153846154 0.055288461538461536 0.06971153846153846 0.11057692307692307
7 0.18509615384615385 0.36778846153846156 0.08653846153846154 0.20673076923076922
10 0.3737980769230769 0.2980769230769231 0.08413461538461539 0.17307692307692307
8 0.375 0.19110576923076922 0.06009615384615385 0.13942307692307693
8 0.18629807692307693 0.609375 0.07932692307692307 0.1466346153846154
9 0.4519230769230769 0.30528846153846156 0.05048076923076923 0.10817307692307693
9 0.28725961538461536 0.054086538461538464 0.055288461538461536 0.10817307692307693
9 0.296875 0.21634615384615385 0.057692307692307696 0.11298076923076923
9 0.2860576923076923 0.6237980769230769 0.07211538461538461 0.11778846153846154
9 0.47836538461538464 0.7427884615384616 0.06971153846153846 0.1201923076923077