1 0.7668269230769231 0.2644230769230769 0.08413461538461539 0.21634615384615385
5 0.8040865384615384 0.5120192307692307 0.07451923076923077 0.14423076923076922
5 0.7295673076923077 0.054086538461538464 0.057692307692307696 0.0985576923076923
2 0.5829326923076923 0.30288461538461536 0.0625 0.15144230769230768
2 0.6286057692307693 0.6442307692307693 0.07451923076923077 0.1658653846153846
3 0.7379807692307693 0.7836538461538461 0.06490384615384616 0.125
4 0.5012019230769231 0.39663461538461536 0.06971153846153846 0.1875
3 0.5637019230769231 0.12980769230769232 0.055288461538461536 0.1201923076923077
3 0.6778846153846154 0.3125 0.05048076923076923 0.11778846153846154
3 0.59375 0.5216346153846154 0.057692307692307696 0.1201923076923077
3 0.5276442307692307 0.65625 0.05048076923076923 0.1201923076923077
3 0.4963942307692308 0.22355769230769232 0.052884615384615384 0.11298076923076923
0 0.6430288461538461 0.052884615384615384 0.057692307692307696 0.0985576923076923
0 0.3293269230769231 0.5180288461538461 0.0673076923076923 0.15865384615384615
10 0.31490384615384615 0.09975961538461539 0.0673076923076923 0.1875
7 0.1201923076923077 0.375 0.09134615384615384 0.22115384615384615
8 0.19951923076923078 0.7848557692307693 0.07451923076923077 0.1658653846153846
11 0.15625 0.051682692307692304 0.057692307692307696 0.10096153846153846
6 0.14543269230769232 0.09975961538461539 0.057692307692307696 0.15384615384615385
6 0.09615384615384616 0.6490384615384616 0.07451923076923077 0.16105769230769232
8 0.32091346153846156 0.29447115384615385 0.06971153846153846 0.15384615384615385
9 0.3870192307692308 0.04807692307692308 0.057692307692307696 0.09134615384615384
9 0.390625 0.203125 0.052884615384615384 0.1201923076923077
9 0.23677884615384615 0.11778846153846154 0.052884615384615384 0.11538461538461539
9 0.22235576923076922 0.3016826923076923 0.052884615384615384 0.11298076923076923
9 0.22235576923076922 0.4110576923076923 0.06009615384615385 0.125
9 0.21153846153846154 0.6526442307692307 0.057692307692307696 0.1201923076923077