2 0.5384615384615384 0.38822115384615385 0.057692307692307696 0.13221153846153846
5 0.1466346153846154 0.7427884615384616 0.07211538461538461 0.14182692307692307
1 0.26322115384615385 0.5961538461538461 0.08173076923076923 0.20192307692307693
4 0.3858173076923077 0.29086538461538464 0.06490384615384616 0.17307692307692307
3 0.30408653846153844 0.22596153846153846 0.04807692307692308 0.10817307692307693
3 0.36177884615384615 0.5048076923076923 0.057692307692307696 0.11298076923076923
3 0.4651442307692308 0.296875 0.05048076923076923 0.10576923076923077
3 0.4495192307692308 0.41466346153846156 0.05048076923076923 0.11778846153846154
8 0.47115384615384615 0.12740384615384615 0.052884615384615384 0.14182692307692307
10 0.6165865384615384 0.2824519230769231 0.06490384615384616 0.18028846153846154
7 0.7115384615384616 0.3581730769230769 0.07451923076923077 0.19951923076923078
9 0.5456730769230769 0.2932692307692308 0.04807692307692308 0.10576923076923077
9 0.6935096153846154 0.04927884615384615 0.05048076923076923 0.0985576923076923
9 0.6935096153846154 0.20432692307692307 0.05048076923076923 0.10817307692307693
9 0.7223557692307693 0.5997596153846154 0.052884615384615384 0.12259615384615384
11 0.7728365384615384 0.04567307692307692 0.0625 0.09134615384615384
11 0.34375 0.7235576923076923 0.06971153846153846 0.14182692307692307