0 0.609375 0.14783653846153846 0.0625 0.14903846153846154
1 0.7884615384615384 0.2920673076923077 0.09375 0.21634615384615385
5 0.5252403846153846 0.23557692307692307 0.0673076923076923 0.12740384615384615
2 0.44471153846153844 0.23918269230769232 0.0673076923076923 0.13701923076923078
2 0.45552884615384615 0.7884615384615384 0.08413461538461539 0.1658653846153846
3 0.7692307692307693 0.7932692307692307 0.06971153846153846 0.13942307692307693
5 0.5769230769230769 0.07091346153846154 0.06490384615384616 0.12740384615384615
3 0.6995192307692307 0.33774038461538464 0.06009615384615385 0.11538461538461539
3 0.5600961538461539 0.6730769230769231 0.06009615384615385 0.125
3 0.625 0.5396634615384616 0.06490384615384616 0.12740384615384615
3 0.4987980769230769 0.15865384615384615 0.052884615384615384 0.11538461538461539
3 0.4230769230769231 0.16466346153846154 0.05048076923076923 0.1201923076923077
7 0.16346153846153846 0.4014423076923077 0.09134615384615384 0.21634615384615385
10 0.3473557692307692 0.12980769230769232 0.0673076923076923 0.18509615384615385
8 0.24519230769230768 0.7956730769230769 0.0889423076923077 0.1658653846153846
11 0.1935096153846154 0.06850961538461539 0.0625 0.13221153846153846
6 0.18269230769230768 0.1346153846153846 0.06490384615384616 0.15384615384615385
6 0.3629807692307692 0.4230769230769231 0.0673076923076923 0.15144230769230768
9 0.41586538461538464 0.06971153846153846 0.052884615384615384 0.11298076923076923
9 0.27163461538461536 0.15144230769230768 0.055288461538461536 0.11057692307692307
9 0.2620192307692308 0.33052884615384615 0.057692307692307696 0.11778846153846154
9 0.26322115384615385 0.4326923076923077 0.06009615384615385 0.125
9 0.3641826923076923 0.5625 0.06009615384615385 0.125