11 0.8028846153846154 0.08533653846153846 0.055288461538461536 0.12259615384615384
8 0.7632211538461539 0.7908653846153846 0.08173076923076923 0.15384615384615385
7 0.8389423076923077 0.4098557692307692 0.07932692307692307 0.20192307692307693
10 0.6538461538461539 0.1466346153846154 0.057692307692307696 0.17548076923076922
8 0.6502403846153846 0.3233173076923077 0.0625 0.12740384615384615
6 0.8125 0.15384615384615385 0.057692307692307696 0.14182692307692307
6 0.6454326923076923 0.42427884615384615 0.0625 0.13701923076923078
9 0.5829326923076923 0.24639423076923078 0.05048076923076923 0.11057692307692307
9 0.5877403846153846 0.08413461538461539 0.052884615384615384 0.10817307692307693
9 0.7271634615384616 0.16826923076923078 0.05048076923076923 0.10817307692307693
9 0.7427884615384616 0.34134615384615385 0.05048076923076923 0.10817307692307693
9 0.7403846153846154 0.43509615384615385 0.06009615384615385 0.11298076923076923
9 0.75 0.6682692307692307 0.057692307692307696 0.11778846153846154
0 0.3485576923076923 0.08413461538461539 0.057692307692307696 0.14903846153846154
2 0.36538461538461536 0.6574519230769231 0.06490384615384616 0.16105769230769232
2 0.40625 0.33774038461538464 0.06009615384615385 0.15144230769230768
0 0.640625 0.5384615384615384 0.06490384615384616 0.14182692307692307
4 0.4831730769230769 0.42427884615384615 0.06490384615384616 0.18269230769230768
1 0.23197115384615385 0.29927884615384615 0.08173076923076923 0.20192307692307693
5 0.1971153846153846 0.5360576923076923 0.06971153846153846 0.1466346153846154
5 0.26802884615384615 0.08653846153846154 0.057692307692307696 0.12980769230769232
3 0.4254807692307692 0.17067307692307693 0.04326923076923077 0.11057692307692307
3 0.4879807692307692 0.26322115384615385 0.04807692307692308 0.10336538461538461
3 0.3173076923076923 0.3449519230769231 0.05048076923076923 0.11057692307692307
3 0.3942307692307692 0.5360576923076923 0.057692307692307696 0.11538461538461539
3 0.46033653846153844 0.6682692307692307 0.055288461538461536 0.11057692307692307
3 0.25841346153846156 0.78125 0.0625 0.12259615384615384