4 0.17427884615384615 0.3004807692307692 0.07692307692307693 0.16346153846153846
1 0.16826923076923078 0.37740384615384615 0.07932692307692307 0.19471153846153846
0 0.14182692307692307 0.5096153846153846 0.0625 0.13701923076923078
0 0.20673076923076922 0.2127403846153846 0.052884615384615384 0.13221153846153846
2 0.21875 0.1346153846153846 0.06490384615384616 0.11538461538461539
2 0.12139423076923077 0.6346153846153846 0.07932692307692307 0.125
5 0.22235576923076922 0.05889423076923077 0.05048076923076923 0.10817307692307693
5 0.10336538461538461 0.7620192307692307 0.07451923076923077 0.13221153846153846
3 0.2091346153846154 0.7632211538461539 0.057692307692307696 0.10576923076923077
3 0.2283653846153846 0.6346153846153846 0.055288461538461536 0.10576923076923077
3 0.24519230769230768 0.5240384615384616 0.04807692307692308 0.10096153846153846
3 0.25961538461538464 0.41466346153846156 0.04807692307692308 0.10336538461538461
3 0.27524038461538464 0.3125 0.05048076923076923 0.0985576923076923
3 0.28846153846153844 0.22716346153846154 0.04326923076923077 0.10096153846153846
3 0.3004807692307692 0.14302884615384615 0.04567307692307692 0.09375
3 0.3076923076923077 0.056490384615384616 0.04326923076923077 0.09615384615384616
10 0.7944711538461539 0.27524038461538464 0.06971153846153846 0.17548076923076922
7 0.8088942307692307 0.36538461538461536 0.07211538461538461 0.20192307692307693
6 0.7932692307692307 0.19831730769230768 0.052884615384615384 0.13701923076923078
6 0.8197115384615384 0.4951923076923077 0.06009615384615385 0.13701923076923078
8 0.7776442307692307 0.11538461538461539 0.055288461538461536 0.13221153846153846
8 0.8112980769230769 0.6153846153846154 0.07211538461538461 0.14903846153846154
11 0.8329326923076923 0.765625 0.06971153846153846 0.13942307692307693
11 0.7788461538461539 0.04567307692307692 0.05048076923076923 0.09134615384615384
9 0.6995192307692307 0.046875 0.04326923076923077 0.09375
9 0.6995192307692307 0.12860576923076922 0.04567307692307692 0.09375
9 0.7007211538461539 0.21995192307692307 0.04567307692307692 0.10336538461538461
9 0.7043269230769231 0.3076923076923077 0.052884615384615384 0.10336538461538461
9 0.7007211538461539 0.41466346153846156 0.052884615384615384 0.10336538461538461
9 0.7127403846153846 0.5240384615384616 0.06009615384615385 0.10817307692307693
9 0.7091346153846154 0.6310096153846154 0.055288461538461536 0.11057692307692307
9 0.71875 0.7608173076923077 0.06009615384615385 0.10817307692307693