4 0.2091346153846154 0.2764423076923077 0.07211538461538461 0.16105769230769232
1 0.20552884615384615 0.35096153846153844 0.07451923076923077 0.19230769230769232
0 0.18389423076923078 0.47836538461538464 0.06009615384615385 0.1346153846153846
0 0.23677884615384615 0.19230769230769232 0.05048076923076923 0.12980769230769232
2 0.24639423076923078 0.11658653846153846 0.06009615384615385 0.11298076923076923
2 0.16826923076923078 0.5997596153846154 0.07451923076923077 0.125
5 0.24759615384615385 0.04807692307692308 0.04807692307692308 0.09615384615384616
5 0.15504807692307693 0.7247596153846154 0.06971153846153846 0.12980769230769232
3 0.25841346153846156 0.7271634615384616 0.055288461538461536 0.10336538461538461
3 0.27163461538461536 0.6033653846153846 0.052884615384615384 0.10336538461538461
3 0.2848557692307692 0.4963942307692308 0.04567307692307692 0.0985576923076923
3 0.2956730769230769 0.390625 0.04567307692307692 0.10096153846153846
3 0.3076923076923077 0.2920673076923077 0.04807692307692308 0.09615384615384616
3 0.3173076923076923 0.2091346153846154 0.040865384615384616 0.0985576923076923
3 0.32572115384615385 0.12620192307692307 0.04326923076923077 0.09134615384615384
3 0.33052884615384615 0.04447115384615385 0.040865384615384616 0.0889423076923077
10 0.8125 0.2692307692307692 0.06490384615384616 0.17067307692307693
7 0.828125 0.35697115384615385 0.0673076923076923 0.19471153846153846
6 0.8088942307692307 0.19471153846153846 0.05048076923076923 0.1346153846153846
6 0.8449519230769231 0.4855769230769231 0.057692307692307696 0.1346153846153846
8 0.7896634615384616 0.1141826923076923 0.052884615384615384 0.12980769230769232
8 0.8401442307692307 0.6009615384615384 0.0673076923076923 0.14423076923076922
11 0.8653846153846154 0.7487980769230769 0.06490384615384616 0.13701923076923078
11 0.7884615384615384 0.046875 0.04807692307692308 0.09375
9 0.7103365384615384 0.04567307692307692 0.040865384615384616 0.09134615384615384
9 0.7139423076923077 0.125 0.04326923076923077 0.09134615384615384
9 0.71875 0.21394230769230768 0.04326923076923077 0.10096153846153846
9 0.7247596153846154 0.2980769230769231 0.05048076923076923 0.10096153846153846
9 0.7247596153846154 0.4026442307692308 0.04807692307692308 0.10096153846153846
9 0.7403846153846154 0.5096153846153846 0.057692307692307696 0.10576923076923077
9 0.7415865384615384 0.6129807692307693 0.052884615384615384 0.10817307692307693
9 0.7548076923076923 0.7391826923076923 0.057692307692307696 0.10576923076923077