5 0.8713942307692307 0.7163461538461539 0.07932692307692307 0.16105769230769232
3 0.5336538461538461 0.038461538461538464 0.055288461538461536 0.07692307692307693
1 0.8173076923076923 0.3401442307692308 0.0889423076923077 0.21634615384615385
4 0.6153846153846154 0.25961538461538464 0.07211538461538461 0.1875
3 0.7235576923076923 0.3786057692307692 0.0625 0.10576923076923077
3 0.6971153846153846 0.19591346153846154 0.06009615384615385 0.10336538461538461
3 0.6850961538461539 0.10697115384615384 0.05048076923076923 0.11057692307692307
3 0.5336538461538461 0.27163461538461536 0.04807692307692308 0.11298076923076923
3 0.6478365384615384 0.49278846153846156 0.06009615384615385 0.1201923076923077
2 0.4519230769230769 0.3701923076923077 0.07451923076923077 0.14903846153846154
6 0.4579326923076923 0.5853365384615384 0.07211538461538461 0.15384615384615385
10 0.36899038461538464 0.2608173076923077 0.06971153846153846 0.1971153846153846
8 0.5240384615384616 0.09975961538461539 0.06009615384615385 0.15384615384615385
8 0.16826923076923078 0.5877403846153846 0.08173076923076923 0.15384615384615385
7 0.171875 0.3389423076923077 0.08413461538461539 0.21153846153846154
11 0.20552884615384615 0.038461538461538464 0.06971153846153846 0.07692307692307693
11 0.26322115384615385 0.7319711538461539 0.07932692307692307 0.1466346153846154
9 0.2692307692307692 0.6009615384615384 0.0625 0.12259615384615384
9 0.45072115384615385 0.27163461538461536 0.057692307692307696 0.11298076923076923
9 0.28846153846153844 0.036057692307692304 0.05048076923076923 0.07211538461538461
9 0.2920673076923077 0.18990384615384615 0.055288461538461536 0.10336538461538461
9 0.46634615384615385 0.7235576923076923 0.0673076923076923 0.12740384615384615