9 0.7055288461538461 0.15745192307692307 0.04567307692307692 0.0985576923076923
3 0.2620192307692308 0.3449519230769231 0.04807692307692308 0.10576923076923077
1 0.16826923076923078 0.2956730769230769 0.08173076923076923 0.22115384615384615
3 0.4483173076923077 0.2548076923076923 0.04807692307692308 0.0985576923076923
9 0.7127403846153846 0.08413461538461539 0.06009615384615385 0.11057692307692307
3 0.38221153846153844 0.16466346153846154 0.055288461538461536 0.10576923076923077
0 0.21033653846153846 0.14903846153846154 0.0625 0.13701923076923078
10 0.7019230769230769 0.203125 0.07932692307692307 0.13701923076923078
9 0.703125 0.3317307692307692 0.06490384615384616 0.13221153846153846
3 0.2980769230769231 0.08052884615384616 0.04807692307692308 0.09615384615384616
9 0.5516826923076923 0.24278846153846154 0.05048076923076923 0.11538461538461539
7 0.8197115384615384 0.41586538461538464 0.07932692307692307 0.19230769230769232
6 0.7980769230769231 0.15504807692307693 0.07451923076923077 0.16105769230769232
2 0.4423076923076923 0.34375 0.06971153846153846 0.13701923076923078
11 0.7944711538461539 0.08774038461538461 0.07451923076923077 0.15865384615384615
9 0.5204326923076923 0.5745192307692307 0.0673076923076923 0.1201923076923077
2 0.34975961538461536 0.3317307692307692 0.0673076923076923 0.15144230769230768
4 0.22956730769230768 0.4338942307692308 0.08173076923076923 0.1658653846153846
3 0.3954326923076923 0.6814903846153846 0.06490384615384616 0.11298076923076923
9 0.7163461538461539 0.6899038461538461 0.057692307692307696 0.11298076923076923
5 0.22956730769230768 0.06850961538461539 0.06009615384615385 0.10576923076923077
3 0.34375 0.5600961538461539 0.06009615384615385 0.125
5 0.06971153846153846 0.8112980769230769 0.08173076923076923 0.15384615384615385
6 0.8377403846153846 0.6826923076923077 0.07932692307692307 0.15144230769230768
2 0.11538461538461539 0.5552884615384616 0.09134615384615384 0.13221153846153846
8 0.8185096153846154 0.5600961538461539 0.07932692307692307 0.15865384615384615
8 0.6201923076923077 0.3269230769230769 0.06971153846153846 0.15144230769230768
9 0.7103365384615384 0.43509615384615385 0.06971153846153846 0.13701923076923078
3 0.42427884615384615 0.46274038461538464 0.06009615384615385 0.1201923076923077
9 0.5084134615384616 0.8137019230769231 0.06971153846153846 0.12740384615384615
11 0.6057692307692307 0.8125 0.07932692307692307 0.15384615384615385
3 0.17908653846153846 0.8100961538461539 0.0625 0.12259615384615384