1 0.21995192307692307 0.25721153846153844 0.08173076923076923 0.20432692307692307
4 0.29447115384615385 0.38461538461538464 0.07692307692307693 0.18990384615384615
5 0.15865384615384615 0.7692307692307693 0.08653846153846154 0.14423076923076922
5 0.2548076923076923 0.046875 0.06490384615384616 0.09375
0 0.6634615384615384 0.5048076923076923 0.07211538461538461 0.15144230769230768
0 0.3425480769230769 0.04927884615384615 0.057692307692307696 0.0985576923076923
2 0.39663461538461536 0.3004807692307692 0.06490384615384616 0.15144230769230768
2 0.36538461538461536 0.6370192307692307 0.07451923076923077 0.14423076923076922
3 0.41225961538461536 0.5144230769230769 0.06490384615384616 0.12259615384615384
3 0.2704326923076923 0.7692307692307693 0.0673076923076923 0.1201923076923077
3 0.3173076923076923 0.30649038461538464 0.04807692307692308 0.11298076923076923
3 0.4230769230769231 0.12740384615384615 0.04807692307692308 0.11298076923076923
3 0.49278846153846156 0.04447115384615385 0.052884615384615384 0.0889423076923077
3 0.49038461538461536 0.21634615384615385 0.052884615384615384 0.11778846153846154
3 0.6646634615384616 0.41225961538461536 0.05048076923076923 0.11057692307692307
3 0.4735576923076923 0.6394230769230769 0.055288461538461536 0.1201923076923077
11 0.8209134615384616 0.04447115384615385 0.057692307692307696 0.0889423076923077
11 0.6862980769230769 0.7548076923076923 0.07211538461538461 0.15144230769230768
10 0.7427884615384616 0.16706730769230768 0.07692307692307693 0.1778846153846154
7 0.8677884615384616 0.3605769230769231 0.08173076923076923 0.20432692307692307
6 0.8341346153846154 0.09254807692307693 0.0625 0.1466346153846154
6 0.8954326923076923 0.6310096153846154 0.07692307692307693 0.14903846153846154
8 0.8713942307692307 0.5084134615384616 0.08173076923076923 0.14182692307692307
8 0.6646634615384616 0.28125 0.06490384615384616 0.13701923076923078
9 0.5925480769230769 0.1935096153846154 0.052884615384615384 0.11538461538461539
9 0.5949519230769231 0.042067307692307696 0.055288461538461536 0.08413461538461539
9 0.7427884615384616 0.10817307692307693 0.052884615384615384 0.10576923076923077
9 0.7596153846153846 0.2920673076923077 0.052884615384615384 0.11298076923076923
9 0.7860576923076923 0.6382211538461539 0.0625 0.1201923076923077
9 0.765625 0.39302884615384615 0.06009615384615385 0.1201923076923077
9 0.5877403846153846 0.5264423076923077 0.052884615384615384 0.11778846153846154
9 0.5805288461538461 0.7716346153846154 0.06490384615384616 0.125