5 0.7403846153846154 0.039663461538461536 0.0625 0.07932692307692307
5 0.84375 0.765625 0.08653846153846154 0.14903846153846154
1 0.7776442307692307 0.2439903846153846 0.08413461538461539 0.21153846153846154
4 0.7055288461538461 0.3641826923076923 0.07692307692307693 0.18028846153846154
3 0.6802884615384616 0.2932692307692308 0.04807692307692308 0.11298076923076923
3 0.7307692307692307 0.7644230769230769 0.0625 0.1201923076923077
2 0.8185096153846154 0.5108173076923077 0.08173076923076923 0.13701923076923078
2 0.5985576923076923 0.28966346153846156 0.0625 0.14903846153846154
0 0.6550480769230769 0.040865384615384616 0.057692307692307696 0.08173076923076923
0 0.5 0.28365384615384615 0.06971153846153846 0.15144230769230768
3 0.4987980769230769 0.037259615384615384 0.04807692307692308 0.07451923076923077
3 0.5709134615384616 0.11177884615384616 0.04807692307692308 0.11057692307692307
3 0.5012019230769231 0.21033653846153846 0.052884615384615384 0.11538461538461539
3 0.5144230769230769 0.4014423076923077 0.05048076923076923 0.11298076923076923
3 0.5841346153846154 0.5108173076923077 0.055288461538461536 0.1201923076923077
3 0.5180288461538461 0.640625 0.0625 0.125
8 0.32211538461538464 0.2776442307692308 0.0673076923076923 0.1466346153846154
8 0.11057692307692307 0.5120192307692307 0.08653846153846154 0.14182692307692307
7 0.11899038461538461 0.3641826923076923 0.08413461538461539 0.2091346153846154
6 0.08653846153846154 0.6418269230769231 0.07692307692307693 0.15144230769230768
6 0.15144230769230768 0.08774038461538461 0.06490384615384616 0.1466346153846154
11 0.16466346153846154 0.04567307692307692 0.055288461538461536 0.09134615384615384
11 0.30288461538461536 0.7632211538461539 0.07692307692307693 0.15144230769230768
9 0.19831730769230768 0.6454326923076923 0.06009615384615385 0.1201923076923077
9 0.21995192307692307 0.39663461538461536 0.0625 0.11057692307692307
9 0.22596153846153846 0.2920673076923077 0.057692307692307696 0.10817307692307693
10 0.24278846153846154 0.16346153846153846 0.08173076923076923 0.1778846153846154
9 0.24639423076923078 0.10096153846153846 0.04807692307692308 0.10096153846153846
9 0.39663461538461536 0.037259615384615384 0.052884615384615384 0.07451923076923077
9 0.3954326923076923 0.18629807692307693 0.052884615384615384 0.11057692307692307
9 0.40024038461538464 0.5264423076923077 0.057692307692307696 0.11778846153846154
9 0.4110576923076923 0.7740384615384616 0.06490384615384616 0.12259615384615384