1 0.7548076923076923 0.33774038461538464 0.0889423076923077 0.21875
2 0.5673076923076923 0.3737980769230769 0.06490384615384616 0.15625
2 0.3918269230769231 0.8425480769230769 0.07451923076923077 0.17307692307692307
5 0.546875 0.09615384615384616 0.0625 0.13942307692307693
5 0.4879807692307692 0.47475961538461536 0.06971153846153846 0.14903846153846154
3 0.7151442307692307 0.8521634615384616 0.06971153846153846 0.1346153846153846
3 0.6622596153846154 0.3798076923076923 0.06009615384615385 0.1201923076923077
3 0.5769230769230769 0.5889423076923077 0.057692307692307696 0.12740384615384615
3 0.5024038461538461 0.7211538461538461 0.06490384615384616 0.125
3 0.4855769230769231 0.2920673076923077 0.06009615384615385 0.11298076923076923
3 0.46153846153846156 0.19230769230769232 0.057692307692307696 0.11778846153846154
0 0.5757211538461539 0.1814903846153846 0.06009615384615385 0.16346153846153846
0 0.30528846153846156 0.5817307692307693 0.07692307692307693 0.16105769230769232
10 0.3076923076923077 0.1622596153846154 0.0673076923076923 0.19230769230769232
8 0.17427884615384615 0.8473557692307693 0.08173076923076923 0.17548076923076922
8 0.30528846153846156 0.35216346153846156 0.0673076923076923 0.1466346153846154
6 0.3112980769230769 0.4651442307692308 0.0625 0.15144230769230768
6 0.13341346153846154 0.1622596153846154 0.07692307692307693 0.15384615384615385
11 0.14783653846153846 0.09975961538461539 0.0625 0.13221153846153846
7 0.1045673076923077 0.4338942307692308 0.0889423076923077 0.21875
9 0.3762019230769231 0.09735576923076923 0.057692307692307696 0.11778846153846154
9 0.22956730769230768 0.18269230769230768 0.057692307692307696 0.11298076923076923
9 0.2091346153846154 0.3641826923076923 0.055288461538461536 0.11057692307692307
9 0.20552884615384615 0.46875 0.06009615384615385 0.1201923076923077
9 0.18870192307692307 0.7163461538461539 0.06490384615384616 0.125