1 0.8028846153846154 0.2848557692307692 0.09134615384615384 0.21875
2 0.6153846153846154 0.3293269230769231 0.06490384615384616 0.15625
2 0.43149038461538464 0.8088942307692307 0.07932692307692307 0.17548076923076922
5 0.5985576923076923 0.06129807692307692 0.0673076923076923 0.12259615384615384
5 0.5336538461538461 0.4338942307692308 0.07211538461538461 0.14903846153846154
3 0.7572115384615384 0.8052884615384616 0.07211538461538461 0.1346153846153846
3 0.7103365384615384 0.3317307692307692 0.06009615384615385 0.1201923076923077
3 0.6225961538461539 0.546875 0.057692307692307696 0.12740384615384615
3 0.5456730769230769 0.6814903846153846 0.0673076923076923 0.125
3 0.5324519230769231 0.25 0.0625 0.11298076923076923
3 0.5108173076923077 0.1502403846153846 0.057692307692307696 0.11778846153846154
0 0.625 0.13581730769230768 0.06009615384615385 0.16346153846153846
0 0.3485576923076923 0.5492788461538461 0.07932692307692307 0.16346153846153846
10 0.3557692307692308 0.12740384615384615 0.06971153846153846 0.19230769230769232
8 0.21394230769230768 0.8209134615384616 0.08653846153846154 0.1778846153846154
8 0.35216346153846156 0.31850961538461536 0.06971153846153846 0.1466346153846154
6 0.3557692307692308 0.4326923076923077 0.06490384615384616 0.15144230769230768
6 0.18028846153846154 0.13341346153846154 0.07932692307692307 0.15625
11 0.1971153846153846 0.07091346153846154 0.06490384615384616 0.13221153846153846
7 0.14903846153846154 0.4098557692307692 0.09134615384615384 0.22115384615384615
9 0.4266826923076923 0.06009615384615385 0.06009615384615385 0.11778846153846154
9 0.2764423076923077 0.1502403846153846 0.06009615384615385 0.11298076923076923
9 0.2548076923076923 0.33413461538461536 0.057692307692307696 0.11057692307692307
9 0.25 0.43990384615384615 0.0625 0.1201923076923077
9 0.23076923076923078 0.6899038461538461 0.0673076923076923 0.125