0 0.2824519230769231 0.6334134615384616 0.07692307692307693 0.14423076923076922
1 0.20432692307692307 0.38100961538461536 0.08653846153846154 0.21153846153846154
4 0.39903846153846156 0.2980769230769231 0.06490384615384616 0.18509615384615385
5 0.14783653846153846 0.7620192307692307 0.08653846153846154 0.14182692307692307
5 0.41225961538461536 0.07211538461538461 0.052884615384615384 0.10576923076923077
3 0.33413461538461536 0.14543269230769232 0.04807692307692308 0.11057692307692307
3 0.32091346153846156 0.23197115384615385 0.052884615384615384 0.10817307692307693
3 0.2932692307692308 0.41466346153846156 0.057692307692307696 0.11298076923076923
3 0.2848557692307692 0.5228365384615384 0.055288461538461536 0.11298076923076923
3 0.35216346153846156 0.7620192307692307 0.06009615384615385 0.125
3 0.48677884615384615 0.06850961538461539 0.04807692307692308 0.10336538461538461
3 0.4807692307692308 0.30288461538461536 0.05048076923076923 0.11057692307692307
2 0.4110576923076923 0.13341346153846154 0.055288461538461536 0.14182692307692307
2 0.5588942307692307 0.39903846153846156 0.06009615384615385 0.15144230769230768
10 0.6418269230769231 0.29086538461538464 0.06971153846153846 0.1778846153846154
11 0.7512019230769231 0.7463942307692307 0.07211538461538461 0.13942307692307693
11 0.8076923076923077 0.051682692307692304 0.0625 0.09134615384615384
7 0.8413461538461539 0.3557692307692308 0.07932692307692307 0.20192307692307693
6 0.8521634615384616 0.4831730769230769 0.0673076923076923 0.14182692307692307
8 0.6418269230769231 0.18389423076923078 0.057692307692307696 0.1346153846153846
8 0.8461538461538461 0.6021634615384616 0.07932692307692307 0.15144230769230768
9 0.5661057692307693 0.3004807692307692 0.052884615384615384 0.11057692307692307
9 0.7259615384615384 0.054086538461538464 0.052884615384615384 0.09134615384615384
9 0.7211538461538461 0.20793269230769232 0.052884615384615384 0.10817307692307693
9 0.734375 0.40625 0.0625 0.11057692307692307
9 0.7427884615384616 0.5120192307692307 0.06009615384615385 0.10817307692307693
9 0.7415865384615384 0.6189903846153846 0.0625 0.11538461538461539
9 0.5480769230769231 0.7524038461538461 0.057692307692307696 0.125