8 0.4074519230769231 0.14903846153846154 0.0625 0.1466346153846154
8 0.20673076923076922 0.8088942307692307 0.08413461538461539 0.1658653846153846
7 0.1310096153846154 0.4098557692307692 0.09134615384615384 0.22355769230769232
10 0.3173076923076923 0.14182692307692307 0.06971153846153846 0.18269230769230768
11 0.16346153846153846 0.07572115384615384 0.07451923076923077 0.13701923076923078
6 0.15384615384615385 0.14182692307692307 0.06971153846153846 0.15384615384615385
6 0.33052884615384615 0.42788461538461536 0.0673076923076923 0.15625
9 0.3870192307692308 0.07091346153846154 0.06009615384615385 0.11057692307692307
9 0.24278846153846154 0.15504807692307693 0.055288461538461536 0.10817307692307693
9 0.22956730769230768 0.33413461538461536 0.06009615384615385 0.11778846153846154
9 0.21995192307692307 0.6754807692307693 0.06009615384615385 0.12259615384615384
9 0.23076923076923078 0.4387019230769231 0.06009615384615385 0.125
1 0.7596153846153846 0.2956730769230769 0.0889423076923077 0.21634615384615385
2 0.5829326923076923 0.33413461538461536 0.0625 0.15625
2 0.421875 0.7992788461538461 0.07451923076923077 0.16105769230769232
5 0.5504807692307693 0.06610576923076923 0.057692307692307696 0.13221153846153846
5 0.5036057692307693 0.4387019230769231 0.06490384615384616 0.1466346153846154
0 0.5805288461538461 0.1502403846153846 0.05048076923076923 0.15625
0 0.33533653846153844 0.5504807692307693 0.06490384615384616 0.15625
3 0.4951923076923077 0.25961538461538464 0.05048076923076923 0.11298076923076923
3 0.46875 0.1622596153846154 0.052884615384615384 0.10817307692307693
3 0.6754807692307693 0.34615384615384615 0.055288461538461536 0.11538461538461539
3 0.7391826923076923 0.8028846153846154 0.0625 0.12740384615384615
3 0.59375 0.546875 0.055288461538461536 0.13221153846153846
3 0.5276442307692307 0.6754807692307693 0.06009615384615385 0.12740384615384615