0 0.38822115384615385 0.13942307692307693 0.057692307692307696 0.15144230769230768
1 0.2127403846153846 0.2860576923076923 0.09134615384615384 0.20432692307692307
2 0.7692307692307693 0.6430288461538461 0.07692307692307693 0.16346153846153846
2 0.6514423076923077 0.4266826923076923 0.07451923076923077 0.15625
3 0.25600961538461536 0.7920673076923077 0.0673076923076923 0.12259615384615384
3 0.3004807692307692 0.33413461538461536 0.057692307692307696 0.11778846153846154
3 0.38822115384615385 0.5348557692307693 0.055288461538461536 0.1201923076923077
3 0.46033653846153844 0.6682692307692307 0.06490384615384616 0.12740384615384615
5 0.41346153846153844 0.06370192307692307 0.057692307692307696 0.12740384615384615
5 0.4831730769230769 0.3329326923076923 0.0625 0.13221153846153846
11 0.8016826923076923 0.06971153846153846 0.0625 0.12980769230769232
3 0.5733173076923077 0.16706730769230768 0.052884615384615384 0.11538461538461539
7 0.8365384615384616 0.296875 0.09134615384615384 0.2091346153846154
8 0.7800480769230769 0.796875 0.09134615384615384 0.16105769230769232
6 0.8137019230769231 0.12860576923076922 0.07211538461538461 0.1658653846153846
10 0.6454326923076923 0.1310096153846154 0.07211538461538461 0.19230769230769232
9 0.7247596153846154 0.15144230769230768 0.055288461538461536 0.11298076923076923
9 0.7439903846153846 0.33052884615384615 0.057692307692307696 0.1201923076923077
9 0.7451923076923077 0.43149038461538464 0.0625 0.11778846153846154
9 0.6502403846153846 0.5600961538461539 0.0625 0.1201923076923077