4 0.5240384615384616 0.4387019230769231 0.0673076923076923 0.18990384615384615
2 0.5997596153846154 0.34975961538461536 0.057692307692307696 0.14903846153846154
2 0.6418269230769231 0.6742788461538461 0.07211538461538461 0.15865384615384615
1 0.7764423076923077 0.31009615384615385 0.08173076923076923 0.20192307692307693
5 0.7439903846153846 0.09254807692307693 0.06009615384615385 0.12980769230769232
5 0.8509615384615384 0.7980769230769231 0.08173076923076923 0.14423076923076922
3 0.7463942307692307 0.8016826923076923 0.0673076923076923 0.125
3 0.6887019230769231 0.3557692307692308 0.055288461538461536 0.11778846153846154
3 0.5817307692307693 0.18870192307692307 0.04807692307692308 0.10817307692307693
3 0.6117788461538461 0.5576923076923077 0.057692307692307696 0.11057692307692307
3 0.5420673076923077 0.6850961538461539 0.06009615384615385 0.11778846153846154
3 0.5168269230769231 0.2824519230769231 0.05048076923076923 0.1201923076923077
0 0.6622596153846154 0.09014423076923077 0.055288461538461536 0.14423076923076922
0 0.3557692307692308 0.5637019230769231 0.0625 0.15144230769230768
11 0.19951923076923078 0.10817307692307693 0.06009615384615385 0.13221153846153846
7 0.16105769230769232 0.43028846153846156 0.07451923076923077 0.20192307692307693
8 0.35096153846153844 0.35336538461538464 0.0625 0.14182692307692307
8 0.15865384615384615 0.5769230769230769 0.07451923076923077 0.14423076923076922
6 0.18870192307692307 0.17548076923076922 0.06009615384615385 0.14423076923076922
6 0.13822115384615385 0.6935096153846154 0.06971153846153846 0.14423076923076922
10 0.27403846153846156 0.2439903846153846 0.07692307692307693 0.1658653846153846
9 0.27524038461538464 0.1875 0.05048076923076923 0.10336538461538461
9 0.4170673076923077 0.10216346153846154 0.052884615384615384 0.10576923076923077
9 0.421875 0.26802884615384615 0.04807692307692308 0.11057692307692307
9 0.25961538461538464 0.3641826923076923 0.05048076923076923 0.11057692307692307
9 0.25721153846153844 0.46634615384615385 0.057692307692307696 0.11298076923076923
9 0.24639423076923078 0.6983173076923077 0.06009615384615385 0.1201923076923077