4 0.5120192307692307 0.43149038461538464 0.0673076923076923 0.18990384615384615
2 0.5865384615384616 0.3449519230769231 0.057692307692307696 0.14903846153846154
2 0.6286057692307693 0.671875 0.07211538461538461 0.15865384615384615
1 0.7620192307692307 0.3173076923076923 0.08173076923076923 0.19951923076923078
5 0.7295673076923077 0.0985576923076923 0.057692307692307696 0.12980769230769232
5 0.8365384615384616 0.8064903846153846 0.08173076923076923 0.14423076923076922
3 0.7319711538461539 0.8040865384615384 0.06490384615384616 0.125
3 0.6754807692307693 0.35697115384615385 0.055288461538461536 0.11778846153846154
3 0.5685096153846154 0.18389423076923078 0.04807692307692308 0.10817307692307693
3 0.5985576923076923 0.5540865384615384 0.057692307692307696 0.11057692307692307
3 0.53125 0.6766826923076923 0.06009615384615385 0.11778846153846154
3 0.5048076923076923 0.27283653846153844 0.05048076923076923 0.1201923076923077
0 0.6490384615384616 0.09134615384615384 0.055288461538461536 0.14423076923076922
0 0.3449519230769231 0.5444711538461539 0.0625 0.15144230769230768
11 0.18870192307692307 0.0829326923076923 0.057692307692307696 0.13221153846153846
7 0.1502403846153846 0.4014423076923077 0.07451923076923077 0.20192307692307693
8 0.3389423076923077 0.33413461538461536 0.0625 0.14182692307692307
8 0.14783653846153846 0.546875 0.07451923076923077 0.14423076923076922
6 0.1778846153846154 0.14783653846153846 0.06009615384615385 0.14423076923076922
6 0.12860576923076922 0.6610576923076923 0.06971153846153846 0.14423076923076922
10 0.26322115384615385 0.21995192307692307 0.07451923076923077 0.1658653846153846
9 0.26322115384615385 0.16466346153846154 0.05048076923076923 0.10336538461538461
9 0.40625 0.0889423076923077 0.052884615384615384 0.10576923076923077
9 0.4098557692307692 0.2548076923076923 0.04807692307692308 0.11057692307692307
9 0.24879807692307693 0.3401442307692308 0.04807692307692308 0.10817307692307693
9 0.24639423076923078 0.4423076923076923 0.057692307692307696 0.11298076923076923
9 0.23677884615384615 0.6730769230769231 0.06009615384615385 0.1201923076923077