10 0.2608173076923077 0.13341346153846154 0.07211538461538461 0.1658653846153846
1 0.22956730769230768 0.3004807692307692 0.08413461538461539 0.20673076923076922
5 0.7283653846153846 0.07091346153846154 0.06009615384615385 0.12259615384615384
6 0.5576923076923077 0.4362980769230769 0.0673076923076923 0.15144230769230768
11 0.5649038461538461 0.33533653846153844 0.06490384615384616 0.13942307692307693
7 0.8353365384615384 0.3016826923076923 0.07932692307692307 0.2091346153846154
9 0.7259615384615384 0.16826923076923078 0.05048076923076923 0.10817307692307693
9 0.7391826923076923 0.3389423076923077 0.06490384615384616 0.11057692307692307
9 0.640625 0.5637019230769231 0.0625 0.1201923076923077
3 0.6538461538461539 0.44350961538461536 0.057692307692307696 0.125
3 0.4579326923076923 0.6646634615384616 0.057692307692307696 0.12259615384615384
3 0.4110576923076923 0.34375 0.055288461538461536 0.11778846153846154