6 0.8413461538461539 0.1201923076923077 0.07211538461538461 0.1466346153846154
6 0.6670673076923077 0.41225961538461536 0.057692307692307696 0.14182692307692307
8 0.8052884615384616 0.7932692307692307 0.08173076923076923 0.1658653846153846
8 0.6694711538461539 0.3076923076923077 0.0673076923076923 0.14182692307692307
10 0.6706730769230769 0.11778846153846154 0.07211538461538461 0.18509615384615385
7 0.8737980769230769 0.39302884615384615 0.0889423076923077 0.21153846153846154
11 0.8269230769230769 0.0625 0.0673076923076923 0.125
9 0.5973557692307693 0.055288461538461536 0.052884615384615384 0.11057692307692307
9 0.7860576923076923 0.6682692307692307 0.0625 0.1201923076923077
9 0.7692307692307693 0.4254807692307692 0.0673076923076923 0.11538461538461539
9 0.7668269230769231 0.32091346153846156 0.057692307692307696 0.11538461538461539
9 0.7463942307692307 0.13581730769230768 0.057692307692307696 0.12259615384615384
0 0.4050480769230769 0.13581730769230768 0.057692307692307696 0.15625
0 0.6682692307692307 0.5348557692307693 0.0625 0.15144230769230768
2 0.5853365384615384 0.7896634615384616 0.07451923076923077 0.16346153846153846
2 0.4110576923076923 0.32091346153846156 0.06490384615384616 0.15144230769230768
1 0.22596153846153846 0.27884615384615385 0.09134615384615384 0.21153846153846154
5 0.43149038461538464 0.05889423076923077 0.06009615384615385 0.11778846153846154
5 0.20673076923076922 0.43028846153846156 0.07692307692307693 0.13701923076923078
3 0.26802884615384615 0.7992788461538461 0.0673076923076923 0.12259615384615384
3 0.31490384615384615 0.328125 0.052884615384615384 0.11778846153846154
3 0.5204326923076923 0.1466346153846154 0.04807692307692308 0.10817307692307693
3 0.4951923076923077 0.2439903846153846 0.04807692307692308 0.11298076923076923
3 0.4026442307692308 0.5360576923076923 0.06009615384615385 0.12259615384615384
3 0.47475961538461536 0.6730769230769231 0.057692307692307696 0.1201923076923077