6 0.18389423076923078 0.171875 0.06971153846153846 0.14182692307692307
6 0.3629807692307692 0.4423076923076923 0.055288461538461536 0.1346153846153846
8 0.2512019230769231 0.8125 0.07692307692307693 0.16105769230769232
8 0.35697115384615385 0.3425480769230769 0.06490384615384616 0.13701923076923078
10 0.34375 0.16105769230769232 0.06971153846153846 0.1778846153846154
7 0.16706730769230768 0.43149038461538464 0.08413461538461539 0.20192307692307693
11 0.19230769230769232 0.11057692307692307 0.06490384615384616 0.12980769230769232
9 0.41225961538461536 0.09615384615384616 0.05048076923076923 0.11057692307692307
9 0.26322115384615385 0.6899038461538461 0.06009615384615385 0.11538461538461539
9 0.2668269230769231 0.45913461538461536 0.0625 0.11057692307692307
9 0.2644230769230769 0.3581730769230769 0.055288461538461536 0.11298076923076923
9 0.27403846153846156 0.18269230769230768 0.055288461538461536 0.11778846153846154
0 0.6009615384615384 0.16947115384615385 0.055288461538461536 0.15144230769230768
0 0.36899038461538464 0.5588942307692307 0.06009615384615385 0.1466346153846154
2 0.46033653846153844 0.7992788461538461 0.07211538461538461 0.15625
2 0.6021634615384616 0.34615384615384615 0.0625 0.14423076923076922
1 0.7764423076923077 0.2980769230769231 0.08653846153846154 0.20192307692307693
5 0.5709134615384616 0.08774038461538461 0.055288461538461536 0.125
5 0.8028846153846154 0.4423076923076923 0.07451923076923077 0.13221153846153846
3 0.7644230769230769 0.7944711538461539 0.06490384615384616 0.11778846153846154
3 0.6935096153846154 0.3485576923076923 0.05048076923076923 0.11298076923076923
3 0.49038461538461536 0.18389423076923078 0.04567307692307692 0.10336538461538461
3 0.5192307692307693 0.2764423076923077 0.04567307692307692 0.10817307692307693
3 0.6213942307692307 0.5504807692307693 0.057692307692307696 0.11778846153846154
3 0.5588942307692307 0.6826923076923077 0.055288461538461536 0.11538461538461539