10 0.23317307692307693 0.21514423076923078 0.08173076923076923 0.17548076923076922
1 0.7548076923076923 0.28725961538461536 0.08653846153846154 0.20192307692307693
0 0.6346153846153846 0.06850961538461539 0.06009615384615385 0.125
5 0.7211538461538461 0.06490384615384616 0.06009615384615385 0.1201923076923077
3 0.6622596153846154 0.33774038461538464 0.055288461538461536 0.10576923076923077
5 0.8221153846153846 0.7980769230769231 0.08653846153846154 0.14423076923076922
3 0.7103365384615384 0.8028846153846154 0.0673076923076923 0.11538461538461539
2 0.6153846153846154 0.6730769230769231 0.07451923076923077 0.14182692307692307
2 0.5817307692307693 0.33774038461538464 0.06009615384615385 0.14182692307692307
4 0.4855769230769231 0.41947115384615385 0.07211538461538461 0.18509615384615385
3 0.5012019230769231 0.6826923076923077 0.0625 0.11778846153846154
3 0.5661057692307693 0.5516826923076923 0.055288461538461536 0.11778846153846154
3 0.5540865384615384 0.15985576923076922 0.04807692307692308 0.10576923076923077
3 0.4831730769230769 0.07211538461538461 0.040865384615384616 0.10817307692307693
3 0.484375 0.2536057692307692 0.05048076923076923 0.10817307692307693
3 0.31490384615384615 0.4567307692307692 0.052884615384615384 0.11298076923076923
0 0.3137019230769231 0.5480769230769231 0.0625 0.1466346153846154
7 0.109375 0.41346153846153844 0.07932692307692307 0.20673076923076922
11 0.15625 0.07692307692307693 0.06009615384615385 0.125
8 0.3112980769230769 0.328125 0.0673076923076923 0.13701923076923078
8 0.10336538461538461 0.5600961538461539 0.07692307692307693 0.14182692307692307
6 0.14302884615384615 0.14302884615384615 0.06009615384615385 0.14903846153846154
6 0.08052884615384616 0.6838942307692307 0.07451923076923077 0.1466346153846154
9 0.234375 0.15504807692307693 0.04807692307692308 0.0985576923076923
9 0.21394230769230768 0.33653846153846156 0.057692307692307696 0.10576923076923077
9 0.18990384615384615 0.6862980769230769 0.0625 0.12259615384615384
9 0.21153846153846154 0.44350961538461536 0.057692307692307696 0.11057692307692307
9 0.3858173076923077 0.07091346153846154 0.04807692307692308 0.10576923076923077
9 0.38461538461538464 0.23798076923076922 0.05048076923076923 0.11057692307692307
9 0.3894230769230769 0.5685096153846154 0.052884615384615384 0.11298076923076923