1 0.7872596153846154 0.5985576923076923 0.09615384615384616 0.22596153846153846
5 0.9134615384615384 0.7608173076923077 0.08653846153846154 0.16346153846153846
2 0.4831730769230769 0.3581730769230769 0.08413461538461539 0.15144230769230768
4 0.6538461538461539 0.26322115384615385 0.07451923076923077 0.20192307692307693
3 0.7379807692307693 0.19110576923076922 0.06009615384615385 0.12980769230769232
3 0.5685096153846154 0.26802884615384615 0.055288461538461536 0.1201923076923077
3 0.6814903846153846 0.4987980769230769 0.055288461538461536 0.125
11 0.7043269230769231 0.7271634615384616 0.07932692307692307 0.15865384615384615
8 0.5576923076923077 0.0829326923076923 0.06971153846153846 0.15625
7 0.3004807692307692 0.32211538461538464 0.08413461538461539 0.22355769230769232
11 0.23798076923076922 0.018028846153846152 0.0673076923076923 0.036057692307692304
10 0.39903846153846156 0.2403846153846154 0.0625 0.19471153846153846
9 0.4807692307692308 0.25961538461538464 0.0625 0.12980769230769232
9 0.3173076923076923 0.021634615384615384 0.057692307692307696 0.04326923076923077
9 0.3173076923076923 0.15384615384615385 0.057692307692307696 0.12259615384615384
9 0.2920673076923077 0.5817307692307693 0.06490384615384616 0.12259615384615384