1 0.7271634615384616 0.5973557692307693 0.0889423076923077 0.2091346153846154
5 0.8425480769230769 0.7463942307692307 0.08173076923076923 0.15144230769230768
2 0.4483173076923077 0.375 0.07932692307692307 0.13942307692307693
4 0.609375 0.2860576923076923 0.06971153846153846 0.1875
3 0.6911057692307693 0.21875 0.055288461538461536 0.1201923076923077
3 0.53125 0.29086538461538464 0.052884615384615384 0.11057692307692307
3 0.6310096153846154 0.5048076923076923 0.052884615384615384 0.11538461538461539
11 0.6478365384615384 0.7163461538461539 0.07451923076923077 0.1466346153846154
8 0.5252403846153846 0.11899038461538461 0.06490384615384616 0.1466346153846154
7 0.2800480769230769 0.34375 0.07692307692307693 0.20673076923076922
11 0.22716346153846154 0.038461538461538464 0.06009615384615385 0.07692307692307693
10 0.37259615384615385 0.26802884615384615 0.057692307692307696 0.18028846153846154
9 0.4483173076923077 0.28365384615384615 0.057692307692307696 0.12259615384615384
9 0.30288461538461536 0.042067307692307696 0.052884615384615384 0.08413461538461539
9 0.29927884615384615 0.18629807692307693 0.055288461538461536 0.11538461538461539
9 0.265625 0.5865384615384616 0.06009615384615385 0.11538461538461539