5 0.8810096153846154 0.8028846153846154 0.07932692307692307 0.1466346153846154
1 0.6850961538461539 0.7596153846153846 0.08653846153846154 0.21634615384615385
4 0.6153846153846154 0.328125 0.07451923076923077 0.18269230769230768
3 0.7007211538461539 0.2512019230769231 0.052884615384615384 0.11057692307692307
3 0.6478365384615384 0.5540865384615384 0.06009615384615385 0.11538461538461539
3 0.5336538461538461 0.33413461538461536 0.052884615384615384 0.11538461538461539
7 0.36538461538461536 0.4074519230769231 0.07932692307692307 0.20673076923076922
11 0.1814903846153846 0.24158653846153846 0.06971153846153846 0.12740384615384615
9 0.2776442307692308 0.07572115384615384 0.06009615384615385 0.10817307692307693
9 0.36778846153846156 0.17307692307692307 0.055288461538461536 0.11298076923076923
9 0.44591346153846156 0.33774038461538464 0.055288461538461536 0.11298076923076923
9 0.265625 0.6790865384615384 0.0625 0.12740384615384615