1 0.234375 0.3004807692307692 0.08173076923076923 0.19471153846153846
4 0.4879807692307692 0.42427884615384615 0.0673076923076923 0.17548076923076922
0 0.35096153846153844 0.078125 0.057692307692307696 0.13942307692307693
5 0.26802884615384615 0.08173076923076923 0.055288461538461536 0.11778846153846154
5 0.1658653846153846 0.7860576923076923 0.08173076923076923 0.13701923076923078
3 0.27163461538461536 0.7860576923076923 0.06490384615384616 0.11298076923076923
2 0.3737980769230769 0.6550480769230769 0.07451923076923077 0.15144230769230768
2 0.4026442307692308 0.33774038461538464 0.06009615384615385 0.13942307692307693
3 0.32211538461538464 0.3425480769230769 0.05048076923076923 0.10096153846153846
3 0.4266826923076923 0.17307692307692307 0.04807692307692308 0.10336538461538461
3 0.49278846153846156 0.25961538461538464 0.04807692307692308 0.10336538461538461
3 0.4026442307692308 0.5408653846153846 0.05048076923076923 0.10817307692307693
3 0.47115384615384615 0.6670673076923077 0.055288461538461536 0.11057692307692307
3 0.6538461538461539 0.44711538461538464 0.05048076923076923 0.0985576923076923
0 0.6538461538461539 0.5408653846153846 0.0625 0.14182692307692307
9 0.7331730769230769 0.16346153846153846 0.04807692307692308 0.10576923076923077
10 0.7295673076923077 0.21634615384615385 0.0625 0.1658653846153846
7 0.8485576923076923 0.40024038461538464 0.07451923076923077 0.19230769230769232
8 0.8509615384615384 0.5420673076923077 0.07692307692307693 0.13701923076923078
6 0.8209134615384616 0.1466346153846154 0.06971153846153846 0.1346153846153846
6 0.8725961538461539 0.6598557692307693 0.0673076923076923 0.13942307692307693
8 0.6550480769230769 0.3245192307692308 0.0625 0.13221153846153846
11 0.8076923076923077 0.08052884615384616 0.06490384615384616 0.12980769230769232
9 0.5913461538461539 0.08052884615384616 0.04807692307692308 0.10817307692307693
9 0.5889423076923077 0.24519230769230768 0.05048076923076923 0.10817307692307693
9 0.75 0.33413461538461536 0.05048076923076923 0.10336538461538461
9 0.7524038461538461 0.43509615384615385 0.057692307692307696 0.10576923076923077
9 0.7704326923076923 0.6646634615384616 0.0625 0.11538461538461539
9 0.5829326923076923 0.5576923076923077 0.05048076923076923 0.10817307692307693