5 0.8629807692307693 0.7512019230769231 0.08173076923076923 0.14182692307692307
1 0.8209134615384616 0.5 0.10096153846153846 0.20432692307692307
4 0.5985576923076923 0.2920673076923077 0.06971153846153846 0.18269230769230768
2 0.43509615384615385 0.3954326923076923 0.07211538461538461 0.14182692307692307
3 0.7067307692307693 0.4098557692307692 0.055288461538461536 0.11057692307692307
3 0.6766826923076923 0.22235576923076922 0.05048076923076923 0.11057692307692307
3 0.6286057692307693 0.5120192307692307 0.057692307692307696 0.1201923076923077
3 0.5144230769230769 0.30408653846153844 0.04807692307692308 0.11538461538461539
3 0.3485576923076923 0.056490384615384616 0.052884615384615384 0.10576923076923077
10 0.3545673076923077 0.28725961538461536 0.0673076923076923 0.18028846153846154
7 0.25961538461538464 0.36658653846153844 0.08413461538461539 0.20673076923076922
8 0.3545673076923077 0.49399038461538464 0.0625 0.15625
6 0.44471153846153844 0.6105769230769231 0.06971153846153846 0.15625
8 0.5 0.125 0.0625 0.14903846153846154
11 0.6574519230769231 0.7355769230769231 0.07932692307692307 0.15384615384615385
11 0.18629807692307693 0.05048076923076923 0.0625 0.09615384615384616
9 0.42908653846153844 0.3016826923076923 0.055288461538461536 0.10817307692307693
9 0.265625 0.05048076923076923 0.055288461538461536 0.09375
9 0.27283653846153844 0.20793269230769232 0.055288461538461536 0.10817307692307693
9 0.2608173076923077 0.6189903846153846 0.06490384615384616 0.1201923076923077