5 0.13701923076923078 0.7512019230769231 0.08173076923076923 0.14182692307692307
1 0.17908653846153846 0.5 0.10096153846153846 0.20432692307692307
4 0.4014423076923077 0.2920673076923077 0.06971153846153846 0.18269230769230768
2 0.5649038461538461 0.3954326923076923 0.07211538461538461 0.14182692307692307
3 0.2932692307692308 0.4098557692307692 0.055288461538461536 0.11057692307692307
3 0.3233173076923077 0.22235576923076922 0.05048076923076923 0.11057692307692307
3 0.3713942307692308 0.5120192307692307 0.057692307692307696 0.1201923076923077
3 0.4855769230769231 0.30408653846153844 0.04807692307692308 0.11538461538461539
3 0.6514423076923077 0.056490384615384616 0.052884615384615384 0.10576923076923077
10 0.6454326923076923 0.28725961538461536 0.0673076923076923 0.18028846153846154
7 0.7403846153846154 0.36658653846153844 0.08413461538461539 0.20673076923076922
8 0.6454326923076923 0.49399038461538464 0.0625 0.15625
6 0.5552884615384616 0.6105769230769231 0.06971153846153846 0.15625
8 0.5 0.125 0.0625 0.14903846153846154
11 0.3425480769230769 0.7355769230769231 0.07932692307692307 0.15384615384615385
11 0.8137019230769231 0.05048076923076923 0.0625 0.09615384615384616
9 0.5709134615384616 0.3016826923076923 0.055288461538461536 0.10817307692307693
9 0.734375 0.05048076923076923 0.055288461538461536 0.09375
9 0.7271634615384616 0.20793269230769232 0.055288461538461536 0.10817307692307693
9 0.7391826923076923 0.6189903846153846 0.06490384615384616 0.1201923076923077