10 0.3485576923076923 0.14783653846153846 0.07451923076923077 0.18269230769230768
6 0.18629807692307693 0.14903846153846154 0.06490384615384616 0.13942307692307693
11 0.19831730769230768 0.0889423076923077 0.06490384615384616 0.12740384615384615
7 0.16706730769230768 0.30528846153846156 0.07932692307692307 0.20673076923076922
8 0.24158653846153846 0.7944711538461539 0.08653846153846154 0.16826923076923078
9 0.2764423076923077 0.16466346153846154 0.06009615384615385 0.1201923076923077
9 0.26322115384615385 0.33774038461538464 0.057692307692307696 0.11298076923076923
9 0.26322115384615385 0.43990384615384615 0.06009615384615385 0.1201923076923077
9 0.3629807692307692 0.5649038461538461 0.0625 0.11538461538461539
1 0.7740384615384616 0.2980769230769231 0.08653846153846154 0.20192307692307693
0 0.6021634615384616 0.16105769230769232 0.06009615384615385 0.14182692307692307
2 0.24759615384615385 0.640625 0.07692307692307693 0.16346153846153846
2 0.35336538461538464 0.4375 0.0673076923076923 0.1658653846153846
5 0.5733173076923077 0.078125 0.057692307692307696 0.12980769230769232
5 0.5168269230769231 0.34375 0.06490384615384616 0.13701923076923078
3 0.41947115384615385 0.18509615384615385 0.05048076923076923 0.11538461538461539
3 0.6899038461538461 0.34134615384615385 0.05048076923076923 0.11538461538461539
3 0.5516826923076923 0.6670673076923077 0.06009615384615385 0.12740384615384615
3 0.6105769230769231 0.5408653846153846 0.057692307692307696 0.12740384615384615