4 0.7800480769230769 0.28365384615384615 0.08173076923076923 0.17548076923076922
1 0.7848557692307693 0.36177884615384615 0.08653846153846154 0.20432692307692307
0 0.7584134615384616 0.1971153846153846 0.057692307692307696 0.13701923076923078
0 0.7980769230769231 0.5 0.06490384615384616 0.13701923076923078
2 0.7439903846153846 0.1141826923076923 0.06009615384615385 0.12740384615384615
2 0.8197115384615384 0.6225961538461539 0.07932692307692307 0.1346153846153846
5 0.7391826923076923 0.054086538461538464 0.055288461538461536 0.08173076923076923
5 0.8317307692307693 0.7512019230769231 0.07451923076923077 0.13221153846153846
3 0.7235576923076923 0.7524038461538461 0.055288461538461536 0.11057692307692307
3 0.7103365384615384 0.6213942307692307 0.055288461538461536 0.10336538461538461
3 0.6995192307692307 0.5108173076923077 0.055288461538461536 0.10336538461538461
3 0.6875 0.39783653846153844 0.04807692307692308 0.10336538461538461
3 0.6754807692307693 0.2956730769230769 0.04807692307692308 0.10336538461538461
3 0.6646634615384616 0.2091346153846154 0.05048076923076923 0.10096153846153846
3 0.6574519230769231 0.12259615384615384 0.04567307692307692 0.0985576923076923
3 0.6526442307692307 0.046875 0.04326923076923077 0.07211538461538461
10 0.1466346153846154 0.2536057692307692 0.06971153846153846 0.1778846153846154
7 0.12860576923076922 0.34615384615384615 0.07451923076923077 0.20673076923076922
6 0.15144230769230768 0.17427884615384615 0.055288461538461536 0.13701923076923078
6 0.11057692307692307 0.4795673076923077 0.0673076923076923 0.1466346153846154
8 0.15985576923076922 0.09495192307692307 0.0625 0.12980769230769232
8 0.10576923076923077 0.6213942307692307 0.07451923076923077 0.14182692307692307
11 0.17067307692307693 0.037259615384615384 0.057692307692307696 0.06971153846153846
11 0.08653846153846154 0.7536057692307693 0.07932692307692307 0.1466346153846154
9 0.25 0.037259615384615384 0.04807692307692308 0.06490384615384616
9 0.24759615384615385 0.10817307692307693 0.05048076923076923 0.09615384615384616
9 0.24519230769230768 0.19831730769230768 0.04807692307692308 0.10336538461538461
9 0.23798076923076922 0.28725961538461536 0.055288461538461536 0.10336538461538461
9 0.23317307692307693 0.3942307692307692 0.06009615384615385 0.10817307692307693
9 0.22235576923076922 0.5036057692307693 0.06009615384615385 0.10576923076923077
9 0.21995192307692307 0.6117788461538461 0.057692307692307696 0.11538461538461539
9 0.20673076923076922 0.7415865384615384 0.057692307692307696 0.1201923076923077