4 0.8149038461538461 0.2776442307692308 0.07932692307692307 0.17548076923076922
1 0.8221153846153846 0.3557692307692308 0.08173076923076923 0.20432692307692307
0 0.7932692307692307 0.18990384615384615 0.055288461538461536 0.13942307692307693
0 0.8377403846153846 0.49278846153846156 0.06490384615384616 0.13942307692307693
2 0.7764423076923077 0.10697115384615384 0.06009615384615385 0.12740384615384615
2 0.8617788461538461 0.6165865384615384 0.07932692307692307 0.1346153846153846
5 0.7716346153846154 0.04567307692307692 0.055288461538461536 0.08413461538461539
5 0.8774038461538461 0.7451923076923077 0.07451923076923077 0.1346153846153846
3 0.7680288461538461 0.7487980769230769 0.052884615384615384 0.11057692307692307
3 0.7524038461538461 0.6201923076923077 0.055288461538461536 0.10576923076923077
3 0.7391826923076923 0.5084134615384616 0.052884615384615384 0.10336538461538461
3 0.7259615384615384 0.3954326923076923 0.04807692307692308 0.10336538461538461
3 0.7103365384615384 0.2920673076923077 0.04567307692307692 0.10336538461538461
3 0.6983173076923077 0.20552884615384615 0.04807692307692308 0.10096153846153846
3 0.6899038461538461 0.11899038461538461 0.04567307692307692 0.0985576923076923
3 0.6850961538461539 0.04326923076923077 0.040865384615384616 0.07451923076923077
10 0.17908653846153846 0.2692307692307692 0.06971153846153846 0.18028846153846154
7 0.1622596153846154 0.36177884615384615 0.07211538461538461 0.2091346153846154
6 0.1814903846153846 0.18990384615384615 0.055288461538461536 0.13942307692307693
6 0.1466346153846154 0.4963942307692308 0.06490384615384616 0.14903846153846154
8 0.18870192307692307 0.109375 0.06009615384615385 0.13221153846153846
8 0.14423076923076922 0.6382211538461539 0.06971153846153846 0.14423076923076922
11 0.20072115384615385 0.05048076923076923 0.055288461538461536 0.07211538461538461
11 0.12620192307692307 0.7740384615384616 0.07692307692307693 0.1466346153846154
9 0.27884615384615385 0.04567307692307692 0.04807692307692308 0.0673076923076923
9 0.2776442307692308 0.11778846153846154 0.04807692307692308 0.0985576923076923
9 0.2764423076923077 0.21033653846153846 0.04807692307692308 0.10336538461538461
9 0.27163461538461536 0.29927884615384615 0.055288461538461536 0.10576923076923077
9 0.2692307692307692 0.40865384615384615 0.057692307692307696 0.10817307692307693
9 0.25961538461538464 0.5180288461538461 0.057692307692307696 0.10576923076923077
9 0.25841346153846156 0.6274038461538461 0.055288461538461536 0.11538461538461539
9 0.24879807692307693 0.7572115384615384 0.055288461538461536 0.1201923076923077