4 0.7896634615384616 0.28125 0.08173076923076923 0.17067307692307693
1 0.7932692307692307 0.3557692307692308 0.08653846153846154 0.1971153846153846
0 0.7716346153846154 0.1971153846153846 0.057692307692307696 0.1346153846153846
0 0.8064903846153846 0.4879807692307692 0.06490384615384616 0.1346153846153846
2 0.7572115384615384 0.11658653846153846 0.06009615384615385 0.12259615384615384
2 0.8257211538461539 0.6069711538461539 0.07932692307692307 0.12980769230769232
5 0.7548076923076923 0.04927884615384615 0.052884615384615384 0.0985576923076923
5 0.8365384615384616 0.7307692307692307 0.07451923076923077 0.12980769230769232
3 0.7307692307692307 0.7355769230769231 0.055288461538461536 0.10576923076923077
3 0.71875 0.609375 0.055288461538461536 0.10096153846153846
3 0.7103365384615384 0.5024038461538461 0.055288461538461536 0.10096153846153846
3 0.6995192307692307 0.3954326923076923 0.04807692307692308 0.0985576923076923
3 0.6899038461538461 0.29447115384615385 0.04807692307692308 0.0985576923076923
3 0.6802884615384616 0.21153846153846154 0.05048076923076923 0.0985576923076923
3 0.6742788461538461 0.12740384615384615 0.04567307692307692 0.09615384615384616
3 0.6706730769230769 0.04567307692307692 0.04326923076923077 0.09134615384615384
10 0.1778846153846154 0.27283653846153844 0.06971153846153846 0.17307692307692307
7 0.15865384615384615 0.3629807692307692 0.07451923076923077 0.19951923076923078
6 0.18269230769230768 0.19591346153846154 0.055288461538461536 0.1346153846153846
6 0.140625 0.49278846153846156 0.06490384615384616 0.14182692307692307
8 0.19230769230769232 0.11899038461538461 0.0625 0.125
8 0.1346153846153846 0.6286057692307693 0.07211538461538461 0.13701923076923078
11 0.20552884615384615 0.04927884615384615 0.055288461538461536 0.0985576923076923
11 0.1141826923076923 0.7584134615384616 0.07692307692307693 0.14182692307692307
9 0.2800480769230769 0.04567307692307692 0.04807692307692308 0.09134615384615384
9 0.2776442307692308 0.12860576923076922 0.05048076923076923 0.09375
9 0.27403846153846156 0.21634615384615385 0.04807692307692308 0.10096153846153846
9 0.2668269230769231 0.3016826923076923 0.055288461538461536 0.10096153846153846
9 0.2608173076923077 0.40625 0.06009615384615385 0.10336538461538461
9 0.24759615384615385 0.5120192307692307 0.057692307692307696 0.10336538461538461
9 0.24519230769230768 0.6165865384615384 0.055288461538461536 0.11057692307692307
9 0.23076923076923078 0.7415865384615384 0.055288461538461536 0.11538461538461539