10 0.6911057692307693 0.1045673076923077 0.07692307692307693 0.19230769230769232
11 0.8473557692307693 0.05889423076923077 0.07451923076923077 0.11778846153846154
6 0.8569711538461539 0.10817307692307693 0.06971153846153846 0.15625
7 0.8762019230769231 0.27403846153846156 0.08413461538461539 0.21875
8 0.7860576923076923 0.7884615384615384 0.09375 0.17307692307692307
9 0.7668269230769231 0.12259615384615384 0.06009615384615385 0.11778846153846154
9 0.7776442307692307 0.3076923076923077 0.06009615384615385 0.11538461538461539
9 0.7740384615384616 0.41225961538461536 0.06971153846153846 0.1201923076923077
9 0.6634615384615384 0.546875 0.0673076923076923 0.12259615384615384
1 0.23076923076923078 0.2644230769230769 0.09615384615384616 0.21634615384615385
5 0.44711538461538464 0.051682692307692304 0.0673076923076923 0.10336538461538461
0 0.515625 0.19230769230769232 0.06971153846153846 0.16346153846153846
5 0.5084134615384616 0.3137019230769231 0.06971153846153846 0.1346153846153846
2 0.6754807692307693 0.40625 0.08173076923076923 0.17067307692307693
2 0.7884615384615384 0.6298076923076923 0.08173076923076923 0.1658653846153846
3 0.6105769230769231 0.13581730769230768 0.055288461538461536 0.1201923076923077
3 0.46634615384615385 0.6550480769230769 0.06490384615384616 0.12259615384615384
3 0.32211538461538464 0.31009615384615385 0.06009615384615385 0.1201923076923077
3 0.39783653846153844 0.5216346153846154 0.06009615384615385 0.1201923076923077