10 0.6358173076923077 0.16346153846153846 0.07692307692307693 0.1971153846153846
11 0.7932692307692307 0.10817307692307693 0.07211538461538461 0.14182692307692307
6 0.8028846153846154 0.171875 0.06971153846153846 0.15865384615384615
7 0.8233173076923077 0.3401442307692308 0.08413461538461539 0.22355769230769232
8 0.7355769230769231 0.859375 0.09375 0.1778846153846154
9 0.7127403846153846 0.18389423076923078 0.06009615384615385 0.1201923076923077
9 0.7247596153846154 0.3713942307692308 0.06009615384615385 0.11778846153846154
9 0.7211538461538461 0.47836538461538464 0.06971153846153846 0.12259615384615384
9 0.6105769230769231 0.6129807692307693 0.0673076923076923 0.125
1 0.17067307692307693 0.31850961538461536 0.09615384615384616 0.21875
5 0.3894230769230769 0.08774038461538461 0.0673076923076923 0.14182692307692307
0 0.45913461538461536 0.25 0.06971153846153846 0.16826923076923078
5 0.4519230769230769 0.3737980769230769 0.06971153846153846 0.13701923076923078
2 0.6213942307692307 0.4699519230769231 0.08173076923076923 0.17548076923076922
2 0.7367788461538461 0.6995192307692307 0.08173076923076923 0.17067307692307693
3 0.5540865384615384 0.19591346153846154 0.055288461538461536 0.12259615384615384
3 0.41225961538461536 0.71875 0.06490384615384616 0.125
3 0.2644230769230769 0.36538461538461536 0.06009615384615385 0.12259615384615384
3 0.34134615384615385 0.5829326923076923 0.06009615384615385 0.125