11 0.4170673076923077 0.2247596153846154 0.0625 0.13701923076923078
7 0.328125 0.39302884615384615 0.08173076923076923 0.21394230769230768
9 0.4074519230769231 0.3173076923076923 0.057692307692307696 0.11778846153846154
9 0.3269230769230769 0.14783653846153846 0.057692307692307696 0.11538461538461539
9 0.23557692307692307 0.05889423076923077 0.057692307692307696 0.10096153846153846
9 0.23076923076923078 0.6730769230769231 0.06490384615384616 0.12259615384615384
1 0.6586538461538461 0.7451923076923077 0.09134615384615384 0.22115384615384615
5 0.8581730769230769 0.7824519230769231 0.08653846153846154 0.14903846153846154
4 0.5829326923076923 0.2980769230769231 0.06971153846153846 0.19230769230769232
3 0.6694711538461539 0.22235576923076922 0.04807692307692308 0.11298076923076923
3 0.49759615384615385 0.3125 0.05048076923076923 0.11298076923076923
3 0.6189903846153846 0.5336538461538461 0.057692307692307696 0.1201923076923077