5 0.09735576923076923 0.7944711538461539 0.08413461538461539 0.14423076923076922
1 0.19110576923076922 0.29086538461538464 0.08413461538461539 0.21394230769230768
5 0.234375 0.06850961538461539 0.06009615384615385 0.12740384615384615
4 0.45072115384615385 0.41947115384615385 0.0673076923076923 0.18509615384615385
2 0.32091346153846156 0.6622596153846154 0.06971153846153846 0.15625
2 0.3713942307692308 0.328125 0.06009615384615385 0.14423076923076922
3 0.20793269230769232 0.7956730769230769 0.0625 0.12259615384615384
3 0.3557692307692308 0.5396634615384616 0.055288461538461536 0.11057692307692307
3 0.41947115384615385 0.6730769230769231 0.057692307692307696 0.11538461538461539
3 0.2776442307692308 0.3401442307692308 0.055288461538461536 0.11298076923076923
3 0.4579326923076923 0.2548076923076923 0.057692307692307696 0.11298076923076923
3 0.39663461538461536 0.15985576923076922 0.055288461538461536 0.11057692307692307
0 0.31971153846153844 0.06850961538461539 0.057692307692307696 0.12980769230769232
0 0.6153846153846154 0.5432692307692307 0.0625 0.15144230769230768
6 0.8040865384615384 0.13341346153846154 0.06490384615384616 0.1466346153846154
11 0.7932692307692307 0.06971153846153846 0.057692307692307696 0.12259615384615384
7 0.8221153846153846 0.39783653846153844 0.08173076923076923 0.20673076923076922
10 0.6394230769230769 0.12980769230769232 0.06971153846153846 0.1875
8 0.6286057692307693 0.32211538461538464 0.06490384615384616 0.13942307692307693
8 0.8185096153846154 0.5444711538461539 0.07932692307692307 0.14182692307692307
6 0.8353365384615384 0.6646634615384616 0.07451923076923077 0.15144230769230768
9 0.7235576923076923 0.6742788461538461 0.06009615384615385 0.11778846153846154
9 0.7211538461538461 0.4338942307692308 0.0673076923076923 0.11298076923076923
9 0.7235576923076923 0.3293269230769231 0.055288461538461536 0.11538461538461539
9 0.7127403846153846 0.15504807692307693 0.057692307692307696 0.11538461538461539
9 0.5685096153846154 0.0673076923076923 0.055288461538461536 0.11298076923076923
9 0.5576923076923077 0.23317307692307693 0.055288461538461536 0.11057692307692307