5 0.859375 0.7848557692307693 0.07932692307692307 0.13942307692307693
1 0.7752403846153846 0.296875 0.07692307692307693 0.20673076923076922
5 0.7379807692307693 0.08173076923076923 0.055288461538461536 0.12259615384615384
4 0.5240384615384616 0.4230769230769231 0.06009615384615385 0.18028846153846154
2 0.6442307692307693 0.6586538461538461 0.06490384615384616 0.15144230769230768
2 0.6021634615384616 0.33413461538461536 0.055288461538461536 0.13942307692307693
3 0.7536057692307693 0.7860576923076923 0.057692307692307696 0.1201923076923077
3 0.6129807692307693 0.5396634615384616 0.052884615384615384 0.10576923076923077
3 0.5492788461538461 0.6694711538461539 0.055288461538461536 0.11057692307692307
3 0.6923076923076923 0.34615384615384615 0.05048076923076923 0.10817307692307693
3 0.5180288461538461 0.26322115384615385 0.052884615384615384 0.10817307692307693
3 0.5805288461538461 0.171875 0.052884615384615384 0.10817307692307693
0 0.65625 0.07692307692307693 0.052884615384615384 0.13942307692307693
0 0.3629807692307692 0.5456730769230769 0.057692307692307696 0.1466346153846154
6 0.18509615384615385 0.15144230769230768 0.0625 0.14182692307692307
11 0.19591346153846154 0.0889423076923077 0.052884615384615384 0.1201923076923077
7 0.16346153846153846 0.4074519230769231 0.07692307692307693 0.19951923076923078
10 0.34615384615384615 0.14543269230769232 0.0625 0.18028846153846154
8 0.35336538461538464 0.3317307692307692 0.0625 0.1346153846153846
8 0.16466346153846154 0.5492788461538461 0.07451923076923077 0.13701923076923078
6 0.14543269230769232 0.6658653846153846 0.07211538461538461 0.1466346153846154
9 0.2536057692307692 0.6754807692307693 0.055288461538461536 0.11538461538461539
9 0.2620192307692308 0.4423076923076923 0.06490384615384616 0.11057692307692307
9 0.2608173076923077 0.34134615384615385 0.05048076923076923 0.11298076923076923
9 0.27403846153846156 0.171875 0.052884615384615384 0.11057692307692307
9 0.41466346153846156 0.08413461538461539 0.05048076923076923 0.10817307692307693
9 0.421875 0.24519230769230768 0.052884615384615384 0.10576923076923077