1 0.7980769230769231 0.296875 0.09134615384615384 0.20673076923076922
5 0.2704326923076923 0.054086538461538464 0.0625 0.10817307692307693
7 0.15865384615384615 0.29086538461538464 0.0889423076923077 0.21875
11 0.4423076923076923 0.3269230769230769 0.055288461538461536 0.13221153846153846
6 0.44471153846153844 0.4230769230769231 0.0673076923076923 0.14903846153846154
9 0.35216346153846156 0.5576923076923077 0.0625 0.11538461538461539
9 0.27283653846153844 0.1466346153846154 0.055288461538461536 0.11538461538461539
9 0.25600961538461536 0.3245192307692308 0.057692307692307696 0.11778846153846154
3 0.34615384615384615 0.4338942307692308 0.057692307692307696 0.11298076923076923
3 0.6021634615384616 0.3293269230769231 0.05048076923076923 0.11538461538461539
3 0.5456730769230769 0.6670673076923077 0.057692307692307696 0.12259615384615384