4 0.3701923076923077 0.2692307692307692 0.08173076923076923 0.18509615384615385
1 0.16346153846153846 0.3401442307692308 0.0985576923076923 0.21875
5 0.10096153846153846 0.7199519230769231 0.08413461538461539 0.1658653846153846
5 0.3858173076923077 0.038461538461538464 0.06009615384615385 0.07692307692307693
2 0.3786057692307692 0.09375 0.06971153846153846 0.14182692307692307
2 0.5324519230769231 0.375 0.07451923076923077 0.15384615384615385
3 0.296875 0.1045673076923077 0.05048076923076923 0.11057692307692307
3 0.28365384615384615 0.1935096153846154 0.05048076923076923 0.11538461538461539
3 0.25721153846153844 0.37740384615384615 0.055288461538461536 0.12980769230769232
3 0.33533653846153844 0.4879807692307692 0.0625 0.1201923076923077
3 0.45552884615384615 0.27524038461538464 0.057692307692307696 0.11538461538461539
3 0.4543269230769231 0.042067307692307696 0.057692307692307696 0.08413461538461539
10 0.6213942307692307 0.27283653846153844 0.08173076923076923 0.18509615384615385
6 0.7307692307692307 0.36778846153846156 0.07451923076923077 0.16346153846153846
11 0.6201923076923077 0.16105769230769232 0.0673076923076923 0.14903846153846154
11 0.8257211538461539 0.6081730769230769 0.08413461538461539 0.1658653846153846
7 0.828125 0.35697115384615385 0.0889423076923077 0.22355769230769232
11 0.7932692307692307 0.040865384615384616 0.07211538461538461 0.08173076923076923
11 0.7307692307692307 0.7548076923076923 0.08413461538461539 0.15384615384615385
9 0.7091346153846154 0.038461538461538464 0.055288461538461536 0.07692307692307693
9 0.7211538461538461 0.6201923076923077 0.0625 0.12740384615384615
9 0.7007211538461539 0.1935096153846154 0.0625 0.12259615384615384
9 0.5420673076923077 0.2776442307692308 0.057692307692307696 0.11778846153846154
9 0.5216346153846154 0.7439903846153846 0.0625 0.13221153846153846