4 0.4050480769230769 0.2932692307692308 0.07451923076923077 0.17307692307692307
1 0.21514423076923078 0.36778846153846156 0.0889423076923077 0.20192307692307693
5 0.1658653846153846 0.7223557692307693 0.07692307692307693 0.15384615384615385
5 0.41586538461538464 0.056490384615384616 0.052884615384615384 0.11298076923076923
2 0.4110576923076923 0.12980769230769232 0.0625 0.12980769230769232
2 0.5600961538461539 0.3858173076923077 0.0673076923076923 0.14182692307692307
3 0.33533653846153844 0.14302884615384615 0.04567307692307692 0.10096153846153846
3 0.3245192307692308 0.22596153846153846 0.04807692307692308 0.10576923076923077
3 0.30288461538461536 0.39783653846153844 0.05048076923076923 0.11778846153846154
3 0.37740384615384615 0.49759615384615385 0.057692307692307696 0.11298076923076923
3 0.4855769230769231 0.2956730769230769 0.052884615384615384 0.10576923076923077
3 0.4795673076923077 0.06009615384615385 0.05048076923076923 0.10817307692307693
10 0.6394230769230769 0.28725961538461536 0.07451923076923077 0.17067307692307693
6 0.7439903846153846 0.3713942307692308 0.0673076923076923 0.15144230769230768
11 0.6370192307692307 0.18269230769230768 0.06009615384615385 0.13701923076923078
11 0.8389423076923077 0.5913461538461539 0.07692307692307693 0.15384615384615385
7 0.8341346153846154 0.3581730769230769 0.08173076923076923 0.20673076923076922
11 0.7956730769230769 0.05048076923076923 0.0673076923076923 0.10096153846153846
11 0.7536057692307693 0.7331730769230769 0.07692307692307693 0.14423076923076922
9 0.7175480769230769 0.05048076923076923 0.05048076923076923 0.10096153846153846
9 0.7403846153846154 0.6057692307692307 0.057692307692307696 0.11778846153846154
9 0.7127403846153846 0.21033653846153846 0.057692307692307696 0.11298076923076923
9 0.5661057692307693 0.2956730769230769 0.052884615384615384 0.10817307692307693
9 0.5588942307692307 0.7307692307692307 0.057692307692307696 0.12259615384615384