4 0.640625 0.2620192307692308 0.07932692307692307 0.19230769230769232
1 0.8701923076923077 0.4735576923076923 0.09615384615384616 0.22355769230769232
5 0.9086538461538461 0.7451923076923077 0.09134615384615384 0.16105769230769232
3 0.75 0.38822115384615385 0.055288461538461536 0.12259615384615384
3 0.7235576923076923 0.19471153846153846 0.06009615384615385 0.10817307692307693
3 0.7079326923076923 0.10576923076923077 0.052884615384615384 0.10817307692307693
3 0.5516826923076923 0.039663461538461536 0.05048076923076923 0.0673076923076923
3 0.5516826923076923 0.27403846153846156 0.057692307692307696 0.125
3 0.6730769230769231 0.49399038461538464 0.06490384615384616 0.12980769230769232
2 0.47115384615384615 0.3737980769230769 0.07211538461538461 0.14903846153846154
11 0.21153846153846154 0.03365384615384615 0.0673076923076923 0.0625
11 0.2776442307692308 0.7512019230769231 0.07451923076923077 0.14903846153846154
7 0.28365384615384615 0.3449519230769231 0.08653846153846154 0.21634615384615385
8 0.5396634615384616 0.09495192307692307 0.0625 0.15625
8 0.1778846153846154 0.5973557692307693 0.08653846153846154 0.15625
6 0.47716346153846156 0.6009615384615384 0.06971153846153846 0.15144230769230768
10 0.3858173076923077 0.2608173076923077 0.07211538461538461 0.19471153846153846
9 0.4639423076923077 0.27283653846153844 0.055288461538461536 0.11298076923076923
9 0.296875 0.03365384615384615 0.06009615384615385 0.06009615384615385
9 0.3016826923076923 0.17908653846153846 0.055288461538461536 0.11538461538461539
9 0.28125 0.6129807692307693 0.06490384615384616 0.125
9 0.4855769230769231 0.7475961538461539 0.06971153846153846 0.12740384615384615