4 0.39783653846153844 0.29927884615384615 0.07211538461538461 0.18028846153846154
1 0.18629807692307693 0.4879807692307692 0.08653846153846154 0.2091346153846154
5 0.15144230769230768 0.7391826923076923 0.08413461538461539 0.15144230769230768
3 0.2980769230769231 0.41225961538461536 0.052884615384615384 0.11298076923076923
3 0.32091346153846156 0.23317307692307693 0.055288461538461536 0.10336538461538461
3 0.33533653846153844 0.1502403846153846 0.04807692307692308 0.10096153846153846
3 0.4795673076923077 0.07451923076923077 0.04567307692307692 0.10096153846153846
3 0.48197115384615385 0.3112980769230769 0.052884615384615384 0.11778846153846154
3 0.3701923076923077 0.5132211538461539 0.0625 0.12259615384615384
2 0.5564903846153846 0.40625 0.0673076923076923 0.14182692307692307
11 0.7956730769230769 0.07211538461538461 0.06490384615384616 0.11057692307692307
11 0.7391826923076923 0.7644230769230769 0.06971153846153846 0.14182692307692307
7 0.7319711538461539 0.3858173076923077 0.07692307692307693 0.20192307692307693
8 0.49158653846153844 0.1466346153846154 0.057692307692307696 0.1466346153846154
8 0.8305288461538461 0.6237980769230769 0.07932692307692307 0.1466346153846154
6 0.5528846153846154 0.6177884615384616 0.06490384615384616 0.14182692307692307
10 0.6358173076923077 0.30408653846153844 0.06490384615384616 0.18269230769230768
9 0.5625 0.31490384615384615 0.052884615384615384 0.10576923076923077
9 0.7175480769230769 0.07091346153846154 0.055288461538461536 0.11057692307692307
9 0.7151442307692307 0.23197115384615385 0.052884615384615384 0.10817307692307693
9 0.7355769230769231 0.6358173076923077 0.0625 0.11778846153846154
9 0.5456730769230769 0.7548076923076923 0.06490384615384616 0.11778846153846154