4 0.6021634615384616 0.29927884615384615 0.07211538461538461 0.18028846153846154
1 0.8137019230769231 0.4879807692307692 0.08653846153846154 0.2091346153846154
5 0.8485576923076923 0.7391826923076923 0.08413461538461539 0.15144230769230768
3 0.7019230769230769 0.41225961538461536 0.052884615384615384 0.11298076923076923
3 0.6790865384615384 0.23317307692307693 0.055288461538461536 0.10336538461538461
3 0.6646634615384616 0.1502403846153846 0.04807692307692308 0.10096153846153846
3 0.5204326923076923 0.07451923076923077 0.04567307692307692 0.10096153846153846
3 0.5180288461538461 0.3112980769230769 0.052884615384615384 0.11778846153846154
3 0.6298076923076923 0.5132211538461539 0.0625 0.12259615384615384
2 0.44350961538461536 0.40625 0.0673076923076923 0.14182692307692307
11 0.20432692307692307 0.07211538461538461 0.06490384615384616 0.11057692307692307
11 0.2608173076923077 0.7644230769230769 0.06971153846153846 0.14182692307692307
7 0.26802884615384615 0.3858173076923077 0.07692307692307693 0.20192307692307693
8 0.5084134615384616 0.1466346153846154 0.057692307692307696 0.1466346153846154
8 0.16947115384615385 0.6237980769230769 0.07932692307692307 0.1466346153846154
6 0.44711538461538464 0.6177884615384616 0.06490384615384616 0.14182692307692307
10 0.3641826923076923 0.30408653846153844 0.06490384615384616 0.18269230769230768
9 0.4375 0.31490384615384615 0.052884615384615384 0.10576923076923077
9 0.2824519230769231 0.07091346153846154 0.055288461538461536 0.11057692307692307
9 0.2848557692307692 0.23197115384615385 0.052884615384615384 0.10817307692307693
9 0.2644230769230769 0.6358173076923077 0.0625 0.11778846153846154
9 0.4543269230769231 0.7548076923076923 0.06490384615384616 0.11778846153846154