4 0.21754807692307693 0.3173076923076923 0.06971153846153846 0.15625
1 0.2091346153846154 0.3894230769230769 0.07692307692307693 0.1875
0 0.23677884615384615 0.23317307692307693 0.055288461538461536 0.12740384615384615
0 0.1971153846153846 0.5180288461538461 0.06009615384615385 0.1346153846153846
2 0.2536057692307692 0.15504807692307693 0.057692307692307696 0.11538461538461539
2 0.17307692307692307 0.6322115384615384 0.07451923076923077 0.125
5 0.25841346153846156 0.08413461538461539 0.05048076923076923 0.10336538461538461
5 0.15745192307692307 0.7608173076923077 0.07211538461538461 0.12980769230769232
3 0.3425480769230769 0.07932692307692307 0.04326923076923077 0.09615384615384616
3 0.33533653846153844 0.15865384615384615 0.040865384615384616 0.09615384615384616
3 0.3245192307692308 0.24278846153846154 0.04326923076923077 0.0985576923076923
3 0.3137019230769231 0.3269230769230769 0.04326923076923077 0.10096153846153846
3 0.3016826923076923 0.421875 0.05048076923076923 0.09615384615384616
3 0.28846153846153844 0.5264423076923077 0.04807692307692308 0.10817307692307693
3 0.27524038461538464 0.6370192307692307 0.05048076923076923 0.10576923076923077
3 0.2620192307692308 0.7584134615384616 0.055288461538461536 0.10336538461538461
10 0.8149038461538461 0.2800480769230769 0.0625 0.17307692307692307
7 0.8293269230769231 0.36658653846153844 0.06971153846153846 0.19230769230769232
6 0.84375 0.49399038461538464 0.057692307692307696 0.13942307692307693
6 0.8112980769230769 0.20793269230769232 0.052884615384615384 0.13221153846153846
8 0.8040865384615384 0.12980769230769232 0.055288461538461536 0.1201923076923077
8 0.8473557692307693 0.6274038461538461 0.06971153846153846 0.13221153846153846
9 0.7487980769230769 0.7475961538461539 0.057692307692307696 0.10817307692307693
9 0.7415865384615384 0.6237980769230769 0.0625 0.10576923076923077
9 0.7379807692307693 0.5204326923076923 0.052884615384615384 0.10096153846153846
9 0.7259615384615384 0.4182692307692308 0.05048076923076923 0.10336538461538461
9 0.7259615384615384 0.3173076923076923 0.052884615384615384 0.10096153846153846
9 0.7175480769230769 0.23197115384615385 0.04326923076923077 0.09615384615384616
9 0.7163461538461539 0.14423076923076922 0.04567307692307692 0.09134615384615384
9 0.7163461538461539 0.06490384615384616 0.04567307692307692 0.10096153846153846
11 0.7944711538461539 0.057692307692307696 0.04807692307692308 0.10336538461538461
11 0.8605769230769231 0.7487980769230769 0.06971153846153846 0.14423076923076922