4 0.8052884615384616 0.3076923076923077 0.07451923076923077 0.1658653846153846
1 0.8161057692307693 0.38461538461538464 0.08173076923076923 0.19951923076923078
0 0.7848557692307693 0.21995192307692307 0.057692307692307696 0.1346153846153846
0 0.8305288461538461 0.5216346153846154 0.06490384615384616 0.14182692307692307
2 0.7668269230769231 0.13581730769230768 0.0625 0.12259615384615384
2 0.8557692307692307 0.6418269230769231 0.07932692307692307 0.13221153846153846
5 0.7608173076923077 0.06009615384615385 0.052884615384615384 0.10817307692307693
5 0.8737980769230769 0.7800480769230769 0.07692307692307693 0.13701923076923078
3 0.6706730769230769 0.057692307692307696 0.04567307692307692 0.10096153846153846
3 0.6790865384615384 0.14302884615384615 0.04326923076923077 0.10336538461538461
3 0.6923076923076923 0.23197115384615385 0.04567307692307692 0.10336538461538461
3 0.7043269230769231 0.31971153846153844 0.04807692307692308 0.10576923076923077
3 0.7163461538461539 0.421875 0.052884615384615384 0.10096153846153846
3 0.7319711538461539 0.5324519230769231 0.05048076923076923 0.11538461538461539
3 0.7463942307692307 0.6502403846153846 0.055288461538461536 0.11057692307692307
3 0.7620192307692307 0.7788461538461539 0.057692307692307696 0.11057692307692307
10 0.16826923076923078 0.28725961538461536 0.06971153846153846 0.18028846153846154
7 0.15384615384615385 0.3798076923076923 0.07451923076923077 0.20432692307692307
6 0.13942307692307693 0.5144230769230769 0.0625 0.1466346153846154
6 0.171875 0.2091346153846154 0.055288461538461536 0.13942307692307693
8 0.18028846153846154 0.12620192307692307 0.057692307692307696 0.12740384615384615
8 0.13581730769230768 0.6574519230769231 0.07451923076923077 0.13942307692307693
9 0.24158653846153846 0.7836538461538461 0.0625 0.11298076923076923
9 0.24879807692307693 0.6502403846153846 0.0673076923076923 0.11057692307692307
9 0.25240384615384615 0.5408653846153846 0.057692307692307696 0.10576923076923077
9 0.26322115384615385 0.43149038461538464 0.055288461538461536 0.10817307692307693
9 0.2644230769230769 0.32211538461538464 0.057692307692307696 0.10576923076923077
9 0.27283653846153844 0.23197115384615385 0.04807692307692308 0.10096153846153846
9 0.27283653846153844 0.13942307692307693 0.04807692307692308 0.09615384615384616
9 0.27163461538461536 0.054086538461538464 0.04807692307692308 0.10576923076923077
11 0.18870192307692307 0.051682692307692304 0.052884615384615384 0.10336538461538461
11 0.12259615384615384 0.7884615384615384 0.07451923076923077 0.15144230769230768