5 0.6430288461538461 0.78125 0.07451923076923077 0.14182692307692307
5 0.8485576923076923 0.7932692307692307 0.07692307692307693 0.14423076923076922
1 0.7223557692307693 0.6490384615384616 0.09375 0.20673076923076922
4 0.59375 0.33052884615384615 0.0625 0.1778846153846154
3 0.6802884615384616 0.2608173076923077 0.05048076923076923 0.11778846153846154
3 0.6225961538461539 0.5588942307692307 0.057692307692307696 0.12259615384615384
3 0.5096153846153846 0.3425480769230769 0.04807692307692308 0.11057692307692307
2 0.26322115384615385 0.546875 0.07451923076923077 0.1466346153846154
7 0.25721153846153844 0.41466346153846156 0.07211538461538461 0.20192307692307693
9 0.2512019230769231 0.6754807692307693 0.06009615384615385 0.11298076923076923
11 0.17307692307692307 0.2512019230769231 0.06490384615384616 0.1201923076923077
9 0.2692307692307692 0.08774038461538461 0.05048076923076923 0.10576923076923077
9 0.35336538461538464 0.18028846153846154 0.052884615384615384 0.10817307692307693
9 0.43028846153846156 0.3473557692307692 0.05048076923076923 0.11298076923076923