2 0.42788461538461536 0.4182692307692308 0.06971153846153846 0.14423076923076922
3 0.515625 0.06971153846153846 0.052884615384615384 0.11298076923076923
5 0.8401442307692307 0.7836538461538461 0.09134615384615384 0.15144230769230768
1 0.8076923076923077 0.5204326923076923 0.0985576923076923 0.21394230769230768
4 0.5949519230769231 0.3112980769230769 0.07211538461538461 0.19230769230769232
3 0.6959134615384616 0.4338942307692308 0.055288461538461536 0.11298076923076923
3 0.6778846153846154 0.24759615384615385 0.05048076923076923 0.11057692307692307
3 0.5072115384615384 0.3245192307692308 0.055288461538461536 0.11057692307692307
3 0.6153846153846154 0.5372596153846154 0.057692307692307696 0.11538461538461539
11 0.6286057692307693 0.7632211538461539 0.08173076923076923 0.15144230769230768
11 0.18870192307692307 0.0625 0.0673076923076923 0.1201923076923077
10 0.34375 0.31009615384615385 0.0673076923076923 0.18509615384615385
7 0.2439903846153846 0.39302884615384615 0.08173076923076923 0.2091346153846154
6 0.41947115384615385 0.6370192307692307 0.0673076923076923 0.15384615384615385
8 0.5024038461538461 0.14423076923076922 0.06009615384615385 0.14182692307692307
8 0.33413461538461536 0.5240384615384616 0.07211538461538461 0.15144230769230768
9 0.421875 0.31850961538461536 0.055288461538461536 0.11057692307692307
9 0.2668269230769231 0.05889423076923077 0.055288461538461536 0.11057692307692307
9 0.2668269230769231 0.2283653846153846 0.052884615384615384 0.11538461538461539
9 0.23076923076923078 0.6466346153846154 0.06490384615384616 0.125