2 0.5625 0.40865384615384615 0.0673076923076923 0.13942307692307693
3 0.4795673076923077 0.07451923076923077 0.04807692307692308 0.10817307692307693
5 0.16346153846153846 0.7632211538461539 0.0889423076923077 0.1466346153846154
1 0.19591346153846154 0.5084134615384616 0.09134615384615384 0.20673076923076922
4 0.4014423076923077 0.30649038461538464 0.0673076923076923 0.18509615384615385
3 0.30408653846153844 0.42427884615384615 0.052884615384615384 0.10817307692307693
3 0.32211538461538464 0.24519230769230768 0.04807692307692308 0.10576923076923077
3 0.48677884615384615 0.31850961538461536 0.052884615384615384 0.10576923076923077
3 0.38100961538461536 0.5240384615384616 0.055288461538461536 0.11057692307692307
11 0.36778846153846156 0.7415865384615384 0.07932692307692307 0.1466346153846154
11 0.7944711538461539 0.0625 0.0625 0.11778846153846154
10 0.6430288461538461 0.30408653846153844 0.0625 0.1778846153846154
7 0.7391826923076923 0.38341346153846156 0.07692307692307693 0.20192307692307693
6 0.5697115384615384 0.6177884615384616 0.06490384615384616 0.1466346153846154
8 0.49158653846153844 0.14423076923076922 0.055288461538461536 0.13701923076923078
8 0.6514423076923077 0.5096153846153846 0.06971153846153846 0.1466346153846154
9 0.5685096153846154 0.3112980769230769 0.052884615384615384 0.10576923076923077
9 0.7199519230769231 0.06129807692307692 0.052884615384615384 0.10576923076923077
9 0.71875 0.22355769230769232 0.05048076923076923 0.11298076923076923
9 0.7524038461538461 0.6274038461538461 0.06009615384615385 0.1201923076923077