2 0.44711538461538464 0.38341346153846156 0.06971153846153846 0.14182692307692307
3 0.5132211538461539 0.04927884615384615 0.05048076923076923 0.09375
5 0.8701923076923077 0.7391826923076923 0.09134615384615384 0.1466346153846154
1 0.8257211538461539 0.4807692307692308 0.0985576923076923 0.2091346153846154
4 0.6045673076923077 0.2776442307692308 0.07211538461538461 0.18990384615384615
3 0.7103365384615384 0.3954326923076923 0.055288461538461536 0.11057692307692307
3 0.6826923076923077 0.21394230769230768 0.05048076923076923 0.10817307692307693
3 0.5192307692307693 0.28966346153846156 0.055288461538461536 0.10817307692307693
3 0.6370192307692307 0.4987980769230769 0.057692307692307696 0.11298076923076923
11 0.6634615384615384 0.71875 0.08173076923076923 0.14903846153846154
11 0.1935096153846154 0.04807692307692308 0.06490384615384616 0.09375
10 0.359375 0.27884615384615385 0.0673076923076923 0.18269230769230768
7 0.265625 0.359375 0.08173076923076923 0.20432692307692307
6 0.4519230769230769 0.5961538461538461 0.06971153846153846 0.14903846153846154
8 0.5048076923076923 0.1141826923076923 0.06009615384615385 0.13942307692307693
8 0.36177884615384615 0.4879807692307692 0.07211538461538461 0.1466346153846154
9 0.43509615384615385 0.2848557692307692 0.055288461538461536 0.10817307692307693
9 0.2692307692307692 0.04447115384615385 0.057692307692307696 0.08653846153846154
9 0.2800480769230769 0.1971153846153846 0.052884615384615384 0.11298076923076923
9 0.2668269230769231 0.6069711538461539 0.06490384615384616 0.12259615384615384