1 0.1935096153846154 0.2668269230769231 0.09375 0.22115384615384615
0 0.3762019230769231 0.12259615384615384 0.06490384615384616 0.14903846153846154
5 0.40865384615384615 0.054086538461538464 0.06009615384615385 0.10817307692307693
5 0.47836538461538464 0.12980769230769232 0.06490384615384616 0.1346153846153846
3 0.2800480769230769 0.3137019230769231 0.052884615384615384 0.11778846153846154
3 0.20793269230769232 0.78125 0.06971153846153846 0.12740384615384615
3 0.3557692307692308 0.5204326923076923 0.0625 0.12980769230769232
3 0.4206730769230769 0.6550480769230769 0.06971153846153846 0.1346153846153846
3 0.5673076923076923 0.14302884615384615 0.052884615384615384 0.11057692307692307
2 0.5408653846153846 0.22115384615384615 0.07451923076923077 0.14423076923076922
2 0.734375 0.6346153846153846 0.0889423076923077 0.15865384615384615
7 0.828125 0.3894230769230769 0.09134615384615384 0.21634615384615385
6 0.8137019230769231 0.1201923076923077 0.07932692307692307 0.15144230769230768
6 0.625 0.4050480769230769 0.07692307692307693 0.15865384615384615
11 0.8004807692307693 0.0673076923076923 0.07451923076923077 0.1346153846153846
10 0.6454326923076923 0.11538461538461539 0.07932692307692307 0.19230769230769232
8 0.7415865384615384 0.7908653846153846 0.08653846153846154 0.17548076923076922
9 0.71875 0.12980769230769232 0.06009615384615385 0.1201923076923077
9 0.7295673076923077 0.3137019230769231 0.06490384615384616 0.11057692307692307
9 0.7259615384615384 0.4182692307692308 0.07211538461538461 0.12259615384615384
9 0.6201923076923077 0.5564903846153846 0.06971153846153846 0.1346153846153846