1 0.7764423076923077 0.2932692307692308 0.0889423076923077 0.2091346153846154
0 0.6045673076923077 0.15504807692307693 0.0625 0.14182692307692307
5 0.5733173076923077 0.07572115384615384 0.057692307692307696 0.12980769230769232
5 0.5084134615384616 0.1622596153846154 0.0625 0.12740384615384615
3 0.6947115384615384 0.33774038461538464 0.05048076923076923 0.11298076923076923
3 0.7644230769230769 0.7800480769230769 0.06490384615384616 0.1201923076923077
3 0.6237980769230769 0.5324519230769231 0.057692307692307696 0.12259615384615384
3 0.5612980769230769 0.6586538461538461 0.0673076923076923 0.12740384615384615
3 0.4230769230769231 0.17427884615384615 0.05048076923076923 0.10576923076923077
2 0.4483173076923077 0.24759615384615385 0.06971153846153846 0.13701923076923078
2 0.265625 0.6394230769230769 0.08413461538461539 0.15144230769230768
7 0.17668269230769232 0.40625 0.08653846153846154 0.20673076923076922
6 0.18990384615384615 0.15144230769230768 0.07692307692307693 0.14423076923076922
6 0.36778846153846156 0.421875 0.07211538461538461 0.15144230769230768
11 0.19951923076923078 0.09615384615384616 0.06971153846153846 0.1346153846153846
10 0.34975961538461536 0.1466346153846154 0.07692307692307693 0.18269230769230768
8 0.25841346153846156 0.7872596153846154 0.08173076923076923 0.1658653846153846
9 0.27884615384615385 0.16105769230769232 0.055288461538461536 0.11538461538461539
9 0.26802884615384615 0.33653846153846156 0.06009615384615385 0.10576923076923077
9 0.27283653846153844 0.43509615384615385 0.06971153846153846 0.11538461538461539
9 0.37259615384615385 0.5661057692307693 0.0673076923076923 0.12740384615384615