1 0.17307692307692307 0.30649038461538464 0.09134615384615384 0.22596153846153846
0 0.3557692307692308 0.15625 0.06490384615384616 0.15144230769230768
5 0.38822115384615385 0.07211538461538461 0.06009615384615385 0.13701923076923078
5 0.45913461538461536 0.1622596153846154 0.06490384615384616 0.13701923076923078
3 0.2608173076923077 0.35336538461538464 0.052884615384615384 0.1201923076923077
3 0.19230769230769232 0.828125 0.06971153846153846 0.12980769230769232
3 0.3401442307692308 0.5612980769230769 0.06009615384615385 0.13221153846153846
3 0.4074519230769231 0.6971153846153846 0.0673076923076923 0.13701923076923078
3 0.5516826923076923 0.17427884615384615 0.052884615384615384 0.11298076923076923
2 0.5240384615384616 0.25240384615384615 0.07451923076923077 0.14903846153846154
2 0.7247596153846154 0.6706730769230769 0.0889423076923077 0.16105769230769232
7 0.8185096153846154 0.4206730769230769 0.09134615384615384 0.22115384615384615
6 0.8004807692307693 0.1466346153846154 0.07932692307692307 0.15384615384615385
6 0.6117788461538461 0.43990384615384615 0.07692307692307693 0.16105769230769232
11 0.7884615384615384 0.08774038461538461 0.07211538461538461 0.14423076923076922
10 0.6298076923076923 0.14423076923076922 0.07932692307692307 0.19471153846153846
8 0.734375 0.8293269230769231 0.08653846153846154 0.1778846153846154
9 0.7043269230769231 0.15865384615384615 0.06009615384615385 0.12259615384615384
9 0.71875 0.3449519230769231 0.06490384615384616 0.11298076923076923
9 0.7151442307692307 0.45072115384615385 0.07211538461538461 0.125
9 0.609375 0.59375 0.06971153846153846 0.13701923076923078