8 0.46875 0.6526442307692307 0.07211538461538461 0.16105769230769232
7 0.171875 0.30649038461538464 0.08173076923076923 0.20673076923076922
10 0.3485576923076923 0.1502403846153846 0.0673076923076923 0.18028846153846154
6 0.4483173076923077 0.4375 0.06971153846153846 0.14423076923076922
11 0.42788461538461536 0.16346153846153846 0.0625 0.125
9 0.44711538461538464 0.3317307692307692 0.057692307692307696 0.10576923076923077
9 0.2776442307692308 0.17307692307692307 0.0673076923076923 0.11538461538461539
9 0.26802884615384615 0.3425480769230769 0.055288461538461536 0.11298076923076923
9 0.36658653846153844 0.5673076923076923 0.057692307692307696 0.125
5 0.27163461538461536 0.078125 0.06490384615384616 0.12980769230769232
2 0.2608173076923077 0.6478365384615384 0.08173076923076923 0.16105769230769232
0 0.5144230769230769 0.2403846153846154 0.052884615384615384 0.1466346153846154
1 0.7764423076923077 0.3088942307692308 0.08653846153846154 0.20192307692307693
3 0.6935096153846154 0.34975961538461536 0.052884615384615384 0.11298076923076923
3 0.5576923076923077 0.6694711538461539 0.055288461538461536 0.125
3 0.6201923076923077 0.546875 0.055288461538461536 0.11778846153846154