4 0.14903846153846154 0.42908653846153844 0.08413461538461539 0.18509615384615385
1 0.17548076923076922 0.31971153846153844 0.08413461538461539 0.19230769230769232
2 0.18028846153846154 0.25721153846153844 0.07451923076923077 0.12980769230769232
2 0.1201923076923077 0.5733173076923077 0.08413461538461539 0.12980769230769232
0 0.20673076923076922 0.1622596153846154 0.057692307692307696 0.14423076923076922
0 0.11057692307692307 0.6947115384615384 0.07211538461538461 0.14182692307692307
5 0.22956730769230768 0.08173076923076923 0.06009615384615385 0.13221153846153846
5 0.07932692307692307 0.8353365384615384 0.08413461538461539 0.13701923076923078
3 0.18990384615384615 0.8353365384615384 0.0673076923076923 0.1201923076923077
3 0.21754807692307693 0.6838942307692307 0.06971153846153846 0.1201923076923077
3 0.24759615384615385 0.5733173076923077 0.0625 0.11057692307692307
3 0.25240384615384615 0.453125 0.057692307692307696 0.10576923076923077
3 0.2644230769230769 0.3629807692307692 0.055288461538461536 0.10576923076923077
3 0.27524038461538464 0.2800480769230769 0.052884615384615384 0.10576923076923077
3 0.296875 0.18269230769230768 0.04567307692307692 0.10336538461538461
3 0.30288461538461536 0.09254807692307693 0.04807692307692308 0.10576923076923077
10 0.8076923076923077 0.33413461538461536 0.07211538461538461 0.18269230769230768
7 0.8221153846153846 0.421875 0.08173076923076923 0.2091346153846154
8 0.8149038461538461 0.24879807692307693 0.07211538461538461 0.12259615384615384
8 0.8209134615384616 0.5697115384615384 0.07451923076923077 0.14182692307692307
6 0.8016826923076923 0.14903846153846154 0.06009615384615385 0.14423076923076922
6 0.8353365384615384 0.6959134615384616 0.07451923076923077 0.14903846153846154
11 0.7920673076923077 0.08173076923076923 0.06009615384615385 0.12740384615384615
11 0.84375 0.8461538461538461 0.07932692307692307 0.1466346153846154
9 0.7175480769230769 0.08653846153846154 0.05048076923076923 0.10576923076923077
9 0.7103365384615384 0.171875 0.05048076923076923 0.10817307692307693
9 0.7223557692307693 0.26322115384615385 0.05048076923076923 0.10817307692307693
9 0.7163461538461539 0.34975961538461536 0.057692307692307696 0.10336538461538461
9 0.7163461538461539 0.4567307692307692 0.057692307692307696 0.11298076923076923
9 0.7211538461538461 0.5757211538461539 0.057692307692307696 0.11538461538461539
9 0.7271634615384616 0.703125 0.0625 0.11778846153846154
9 0.7307692307692307 0.8473557692307693 0.07211538461538461 0.11538461538461539