6 0.44471153846153844 0.42908653846153844 0.06971153846153846 0.14423076923076922
11 0.4362980769230769 0.33653846153846156 0.06009615384615385 0.1346153846153846
8 0.453125 0.6490384615384616 0.07211538461538461 0.16105769230769232
7 0.1658653846153846 0.29927884615384615 0.08413461538461539 0.21394230769230768
10 0.34615384615384615 0.13942307692307693 0.06971153846153846 0.18028846153846154
9 0.27403846153846156 0.15865384615384615 0.057692307692307696 0.11298076923076923
9 0.25961538461538464 0.3329326923076923 0.06009615384615385 0.11057692307692307
9 0.35697115384615385 0.5637019230769231 0.052884615384615384 0.1201923076923077
5 0.27403846153846156 0.06370192307692307 0.04807692307692308 0.12740384615384615
2 0.34975961538461536 0.4182692307692308 0.0625 0.15625
1 0.7764423076923077 0.2956730769230769 0.0889423076923077 0.20432692307692307
3 0.42908653846153844 0.5372596153846154 0.055288461538461536 0.11057692307692307
3 0.5925480769230769 0.3389423076923077 0.055288461538461536 0.11538461538461539
3 0.5456730769230769 0.6634615384615384 0.06009615384615385 0.12259615384615384