6 0.45552884615384615 0.40024038461538464 0.07692307692307693 0.15144230769230768
11 0.44591346153846156 0.30288461538461536 0.0625 0.14182692307692307
8 0.46634615384615385 0.6322115384615384 0.07692307692307693 0.16826923076923078
7 0.15985576923076922 0.2668269230769231 0.0889423076923077 0.22596153846153846
10 0.3485576923076923 0.09735576923076923 0.07692307692307693 0.1875
9 0.27403846153846156 0.11778846153846154 0.06009615384615385 0.11778846153846154
9 0.25841346153846156 0.3016826923076923 0.0625 0.11538461538461539
9 0.3641826923076923 0.5420673076923077 0.055288461538461536 0.125
5 0.27163461538461536 0.04567307692307692 0.052884615384615384 0.08173076923076923
2 0.3545673076923077 0.38822115384615385 0.0673076923076923 0.1658653846153846
1 0.8040865384615384 0.2548076923076923 0.09615384615384616 0.21394230769230768
3 0.43990384615384615 0.515625 0.06009615384615385 0.11778846153846154
3 0.609375 0.30408653846153844 0.057692307692307696 0.12259615384615384
3 0.5625 0.6454326923076923 0.0625 0.12980769230769232