5 0.8353365384615384 0.7728365384615384 0.07932692307692307 0.13942307692307693
1 0.7247596153846154 0.6262019230769231 0.08653846153846154 0.20673076923076922
4 0.6117788461538461 0.3161057692307692 0.0673076923076923 0.16826923076923078
3 0.6935096153846154 0.2512019230769231 0.05048076923076923 0.10576923076923077
3 0.7067307692307693 0.43028846153846156 0.055288461538461536 0.10576923076923077
3 0.6274038461538461 0.5264423076923077 0.057692307692307696 0.10817307692307693
3 0.5276442307692307 0.3161057692307692 0.052884615384615384 0.10336538461538461
2 0.4495192307692308 0.4014423076923077 0.06009615384615385 0.13701923076923078
6 0.4411057692307692 0.6129807692307693 0.06490384615384616 0.14423076923076922
10 0.37259615384615385 0.2956730769230769 0.06971153846153846 0.17548076923076922
7 0.27884615384615385 0.36658653846153844 0.07692307692307693 0.1971153846153846
8 0.36177884615384615 0.4963942307692308 0.0625 0.14423076923076922
9 0.4483173076923077 0.3112980769230769 0.04807692307692308 0.10336538461538461
9 0.30288461538461536 0.21394230769230768 0.04807692307692308 0.10576923076923077
9 0.26322115384615385 0.6117788461538461 0.06009615384615385 0.11538461538461539
9 0.30649038461538464 0.06009615384615385 0.04807692307692308 0.0985576923076923
11 0.23076923076923078 0.057692307692307696 0.0625 0.10096153846153846
11 0.640625 0.7439903846153846 0.07211538461538461 0.14903846153846154