5 0.8846153846153846 0.765625 0.07932692307692307 0.14182692307692307
1 0.765625 0.6129807692307693 0.0889423076923077 0.21394230769230768
4 0.6358173076923077 0.29086538461538464 0.0673076923076923 0.17548076923076922
3 0.7175480769230769 0.22235576923076922 0.05048076923076923 0.11057692307692307
3 0.7391826923076923 0.40865384615384615 0.055288461538461536 0.11057692307692307
3 0.6598557692307693 0.5096153846153846 0.057692307692307696 0.11057692307692307
3 0.5492788461538461 0.2920673076923077 0.055288461538461536 0.10817307692307693
2 0.4699519230769231 0.38221153846153844 0.0625 0.14182692307692307
6 0.4699519230769231 0.6033653846153846 0.06490384615384616 0.15144230769230768
10 0.38461538461538464 0.27283653846153844 0.06971153846153846 0.18269230769230768
7 0.29086538461538464 0.3485576923076923 0.07692307692307693 0.20432692307692307
8 0.38221153846153844 0.48197115384615385 0.06490384615384616 0.15144230769230768
9 0.4651442307692308 0.28966346153846156 0.05048076923076923 0.10576923076923077
9 0.31009615384615385 0.18870192307692307 0.05048076923076923 0.11057692307692307
9 0.28365384615384615 0.6033653846153846 0.06009615384615385 0.1201923076923077
9 0.3076923076923077 0.040865384615384616 0.052884615384615384 0.08173076923076923
11 0.2283653846153846 0.038461538461538464 0.06009615384615385 0.07692307692307693
11 0.6814903846153846 0.7379807692307693 0.07211538461538461 0.15384615384615385