8 0.765625 0.7896634615384616 0.07932692307692307 0.14903846153846154
8 0.6490384615384616 0.32211538461538464 0.06009615384615385 0.13942307692307693
11 0.8040865384615384 0.09014423076923077 0.0625 0.12259615384615384
7 0.8413461538461539 0.4098557692307692 0.08413461538461539 0.2091346153846154
6 0.8125 0.14903846153846154 0.0625 0.1466346153846154
6 0.6454326923076923 0.4230769230769231 0.06490384615384616 0.14182692307692307
10 0.6574519230769231 0.14903846153846154 0.0673076923076923 0.17307692307692307
9 0.5877403846153846 0.08653846153846154 0.055288461538461536 0.10576923076923077
9 0.5865384615384616 0.24639423076923078 0.052884615384615384 0.11298076923076923
9 0.7295673076923077 0.16706730769230768 0.05048076923076923 0.11778846153846154
9 0.7415865384615384 0.34134615384615385 0.05048076923076923 0.11298076923076923
9 0.7403846153846154 0.43509615384615385 0.06009615384615385 0.11057692307692307
9 0.7512019230769231 0.6670673076923077 0.06009615384615385 0.11298076923076923
0 0.4050480769230769 0.15865384615384615 0.055288461538461536 0.14903846153846154
0 0.6394230769230769 0.5360576923076923 0.06490384615384616 0.15144230769230768
2 0.3641826923076923 0.65625 0.06971153846153846 0.15384615384615385
2 0.4026442307692308 0.33413461538461536 0.06009615384615385 0.15144230769230768
4 0.47836538461538464 0.42788461538461536 0.0673076923076923 0.1875
1 0.23076923076923078 0.2956730769230769 0.07932692307692307 0.20192307692307693
5 0.21033653846153846 0.4338942307692308 0.0673076923076923 0.13701923076923078
5 0.4266826923076923 0.0829326923076923 0.057692307692307696 0.12740384615384615
3 0.5108173076923077 0.171875 0.04567307692307692 0.10336538461538461
3 0.48677884615384615 0.26322115384615385 0.05048076923076923 0.10576923076923077
3 0.25721153846153844 0.7836538461538461 0.06490384615384616 0.11778846153846154
3 0.3161057692307692 0.3425480769230769 0.05048076923076923 0.10576923076923077
3 0.39302884615384615 0.5384615384615384 0.052884615384615384 0.11298076923076923
3 0.4567307692307692 0.6670673076923077 0.057692307692307696 0.1201923076923077