10 0.6538461538461539 0.15384615384615385 0.0673076923076923 0.18028846153846154
6 0.6430288461538461 0.42908653846153844 0.06009615384615385 0.1466346153846154
11 0.8016826923076923 0.09014423076923077 0.055288461538461536 0.12740384615384615
6 0.8149038461538461 0.14903846153846154 0.057692307692307696 0.14182692307692307
7 0.8329326923076923 0.30408653846153844 0.07692307692307693 0.2091346153846154
9 0.7271634615384616 0.16466346153846154 0.055288461538461536 0.11538461538461539
9 0.7403846153846154 0.33774038461538464 0.052884615384615384 0.10817307692307693
9 0.7403846153846154 0.4362980769230769 0.06009615384615385 0.11057692307692307
9 0.6466346153846154 0.5612980769230769 0.06009615384615385 0.11778846153846154
1 0.23197115384615385 0.3016826923076923 0.08173076923076923 0.20432692307692307
8 0.7596153846153846 0.7896634615384616 0.08653846153846154 0.15625
2 0.7560096153846154 0.6442307692307693 0.07692307692307693 0.15384615384615385
2 0.5588942307692307 0.24879807692307693 0.0673076923076923 0.12980769230769232
0 0.4014423076923077 0.15625 0.052884615384615384 0.14423076923076922
5 0.43028846153846156 0.08173076923076923 0.052884615384615384 0.12740384615384615
5 0.4879807692307692 0.3425480769230769 0.06009615384615385 0.12980769230769232
3 0.25721153846153844 0.7860576923076923 0.0625 0.11538461538461539
3 0.5805288461538461 0.17668269230769232 0.04807692307692308 0.10817307692307693
3 0.3161057692307692 0.34134615384615385 0.055288461538461536 0.11057692307692307
3 0.3918269230769231 0.5396634615384616 0.05048076923076923 0.1201923076923077
3 0.45913461538461536 0.6646634615384616 0.055288461538461536 0.11778846153846154