1 0.23798076923076922 0.2932692307692308 0.0889423076923077 0.21394230769230768
0 0.40625 0.14543269230769232 0.052884615384615384 0.14423076923076922
5 0.43028846153846156 0.0673076923076923 0.06490384615384616 0.13221153846153846
5 0.4891826923076923 0.4266826923076923 0.07451923076923077 0.15865384615384615
3 0.3269230769230769 0.3329326923076923 0.06009615384615385 0.11778846153846154
3 0.27403846153846156 0.7740384615384616 0.06490384615384616 0.125
3 0.47115384615384615 0.6586538461538461 0.0673076923076923 0.12740384615384615
3 0.4050480769230769 0.5264423076923077 0.06009615384615385 0.12980769230769232
3 0.5889423076923077 0.1658653846153846 0.052884615384615384 0.10817307692307693
3 0.5132211538461539 0.1622596153846154 0.06009615384615385 0.11057692307692307
2 0.4098557692307692 0.3245192307692308 0.06971153846153846 0.15625
2 0.5757211538461539 0.765625 0.07692307692307693 0.16826923076923078
10 0.6586538461538461 0.12860576923076922 0.06971153846153846 0.18509615384615385
8 0.7848557692307693 0.7740384615384616 0.09134615384615384 0.1658653846153846
11 0.8076923076923077 0.0673076923076923 0.0673076923076923 0.12980769230769232
6 0.6550480769230769 0.41466346153846156 0.07211538461538461 0.15865384615384615
6 0.8173076923076923 0.12980769230769232 0.0673076923076923 0.16346153846153846
7 0.8533653846153846 0.3894230769230769 0.0985576923076923 0.2091346153846154
9 0.5913461538461539 0.06850961538461539 0.06009615384615385 0.11298076923076923
9 0.7319711538461539 0.14783653846153846 0.06009615384615385 0.11778846153846154
9 0.7512019230769231 0.31850961538461536 0.052884615384615384 0.11538461538461539
9 0.7524038461538461 0.421875 0.0625 0.1201923076923077
9 0.6586538461538461 0.5456730769230769 0.06971153846153846 0.12740384615384615