1 0.7896634615384616 0.2932692307692308 0.0889423076923077 0.21875
0 0.6105769230769231 0.14783653846153846 0.052884615384615384 0.1466346153846154
5 0.5829326923076923 0.07091346153846154 0.0673076923076923 0.13221153846153846
5 0.5336538461538461 0.4411057692307692 0.07451923076923077 0.16346153846153846
3 0.6995192307692307 0.33774038461538464 0.06009615384615385 0.1201923076923077
3 0.7692307692307693 0.7896634615384616 0.06490384615384616 0.12740384615384615
3 0.5625 0.6790865384615384 0.0673076923076923 0.12980769230769232
3 0.625 0.5408653846153846 0.06009615384615385 0.13221153846153846
3 0.4230769230769231 0.17548076923076922 0.055288461538461536 0.11057692307692307
3 0.5012019230769231 0.16947115384615385 0.06009615384615385 0.11298076923076923
2 0.6117788461538461 0.3329326923076923 0.06971153846153846 0.15865384615384615
2 0.4579326923076923 0.7932692307692307 0.07692307692307693 0.17067307692307693
10 0.34975961538461536 0.13942307692307693 0.06971153846153846 0.1875
8 0.24278846153846154 0.8088942307692307 0.09134615384615384 0.17067307692307693
11 0.19471153846153846 0.0829326923076923 0.0673076923076923 0.13221153846153846
6 0.3629807692307692 0.4326923076923077 0.07211538461538461 0.16105769230769232
6 0.18629807692307693 0.1466346153846154 0.0673076923076923 0.16826923076923078
7 0.15865384615384615 0.41466346153846156 0.0985576923076923 0.21394230769230768
9 0.4170673076923077 0.07572115384615384 0.06009615384615385 0.11538461538461539
9 0.27403846153846156 0.16105769230769232 0.06009615384615385 0.1201923076923077
9 0.25961538461538464 0.33774038461538464 0.052884615384615384 0.11778846153846154
9 0.2620192307692308 0.44350961538461536 0.0625 0.12259615384615384
9 0.3641826923076923 0.5685096153846154 0.06971153846153846 0.12980769230769232