10 0.3629807692307692 0.10216346153846154 0.07692307692307693 0.1971153846153846
7 0.17307692307692307 0.37740384615384615 0.09375 0.23557692307692307
11 0.20673076923076922 0.052884615384615384 0.06971153846153846 0.10576923076923077
6 0.1935096153846154 0.09975961538461539 0.06971153846153846 0.16346153846153846
6 0.375 0.4014423076923077 0.07932692307692307 0.16346153846153846
8 0.2536057692307692 0.7836538461538461 0.09615384615384616 0.18990384615384615
9 0.4375 0.04927884615384615 0.055288461538461536 0.0985576923076923
9 0.28725961538461536 0.11778846153846154 0.06490384615384616 0.12980769230769232
9 0.27403846153846156 0.3076923076923077 0.0625 0.12980769230769232
9 0.27524038461538464 0.4098557692307692 0.07211538461538461 0.13221153846153846
9 0.38221153846153844 0.5456730769230769 0.0625 0.13221153846153846
1 0.8185096153846154 0.26802884615384615 0.09134615384615384 0.21394230769230768
0 0.6310096153846154 0.11538461538461539 0.055288461538461536 0.15865384615384615
2 0.4723557692307692 0.7716346153846154 0.08173076923076923 0.18028846153846154
2 0.46274038461538464 0.20793269230769232 0.07932692307692307 0.14423076923076922
5 0.6021634615384616 0.05048076923076923 0.06490384615384616 0.10096153846153846
5 0.5564903846153846 0.41346153846153844 0.06971153846153846 0.1466346153846154
3 0.796875 0.7836538461538461 0.0673076923076923 0.12980769230769232
3 0.4387019230769231 0.13822115384615385 0.057692307692307696 0.11298076923076923
3 0.5192307692307693 0.12980769230769232 0.057692307692307696 0.11298076923076923
3 0.7271634615384616 0.3125 0.052884615384615384 0.11778846153846154
3 0.6478365384615384 0.5228365384615384 0.0625 0.12980769230769232
3 0.578125 0.6550480769230769 0.0673076923076923 0.125