10 0.6466346153846154 0.11298076923076923 0.07692307692307693 0.1971153846153846
7 0.8353365384615384 0.38221153846153844 0.09375 0.23557692307692307
11 0.8016826923076923 0.06009615384615385 0.0673076923076923 0.11057692307692307
6 0.8137019230769231 0.10697115384615384 0.06971153846153846 0.16105769230769232
6 0.6346153846153846 0.4098557692307692 0.07692307692307693 0.16346153846153846
8 0.7548076923076923 0.7848557692307693 0.09375 0.18990384615384615
9 0.5745192307692307 0.0625 0.052884615384615384 0.10336538461538461
9 0.7223557692307693 0.12860576923076922 0.0625 0.12980769230769232
9 0.734375 0.31490384615384615 0.0625 0.12980769230769232
9 0.734375 0.41586538461538464 0.07211538461538461 0.13221153846153846
9 0.6274038461538461 0.5516826923076923 0.06009615384615385 0.13221153846153846
1 0.19591346153846154 0.2848557692307692 0.0889423076923077 0.21394230769230768
0 0.38221153846153844 0.1310096153846154 0.055288461538461536 0.15625
2 0.5396634615384616 0.7776442307692307 0.08173076923076923 0.18028846153846154
2 0.5480769230769231 0.21995192307692307 0.07932692307692307 0.14423076923076922
5 0.41225961538461536 0.0673076923076923 0.06490384615384616 0.10096153846153846
5 0.45552884615384615 0.42427884615384615 0.06971153846153846 0.14423076923076922
3 0.21995192307692307 0.7944711538461539 0.06490384615384616 0.12980769230769232
3 0.5721153846153846 0.14903846153846154 0.057692307692307696 0.11298076923076923
3 0.49278846153846156 0.14423076923076922 0.057692307692307696 0.11298076923076923
3 0.28725961538461536 0.328125 0.052884615384615384 0.11778846153846154
3 0.36538461538461536 0.5336538461538461 0.06009615384615385 0.12980769230769232
3 0.4338942307692308 0.6646634615384616 0.0673076923076923 0.125