6 0.8173076923076923 0.14903846153846154 0.07451923076923077 0.14182692307692307
10 0.6538461538461539 0.14302884615384615 0.0673076923076923 0.18028846153846154
6 0.6478365384615384 0.42788461538461536 0.07211538461538461 0.13942307692307693
8 0.765625 0.7860576923076923 0.08413461538461539 0.15625
8 0.6502403846153846 0.32572115384615385 0.0625 0.14423076923076922
11 0.8052884615384616 0.08774038461538461 0.06009615384615385 0.12980769230769232
7 0.8377403846153846 0.4110576923076923 0.08653846153846154 0.21394230769230768
9 0.5829326923076923 0.24879807692307693 0.04807692307692308 0.11538461538461539
9 0.5865384615384616 0.08413461538461539 0.04807692307692308 0.11298076923076923
9 0.7247596153846154 0.1658653846153846 0.05048076923076923 0.10576923076923077
9 0.7391826923076923 0.33653846153846156 0.052884615384615384 0.11057692307692307
9 0.7403846153846154 0.4362980769230769 0.057692307692307696 0.11298076923076923
9 0.7524038461538461 0.6670673076923077 0.0625 0.11538461538461539
0 0.640625 0.5384615384615384 0.06490384615384616 0.1466346153846154
0 0.4026442307692308 0.15625 0.05048076923076923 0.15384615384615385
2 0.5588942307692307 0.7824519230769231 0.07211538461538461 0.15144230769230768
2 0.40625 0.33533653846153844 0.0625 0.1466346153846154
1 0.22956730769230768 0.296875 0.08413461538461539 0.1971153846153846
5 0.21033653846153846 0.4387019230769231 0.06490384615384616 0.125
5 0.42788461538461536 0.0829326923076923 0.05048076923076923 0.12980769230769232
4 0.5625 0.3112980769230769 0.06009615384615385 0.18269230769230768
3 0.5084134615384616 0.17548076923076922 0.04807692307692308 0.10817307692307693
3 0.4855769230769231 0.2644230769230769 0.04807692307692308 0.10576923076923077
3 0.25721153846153844 0.7860576923076923 0.06009615384615385 0.11778846153846154
3 0.3173076923076923 0.3329326923076923 0.052884615384615384 0.11778846153846154
3 0.39302884615384615 0.5384615384615384 0.055288461538461536 0.11538461538461539
3 0.4579326923076923 0.6634615384615384 0.057692307692307696 0.1201923076923077