5 0.41466346153846156 0.052884615384615384 0.05048076923076923 0.10576923076923077
5 0.15625 0.7295673076923077 0.07692307692307693 0.14903846153846154
1 0.20793269230769232 0.3557692307692308 0.07692307692307693 0.20673076923076922
4 0.40384615384615385 0.2800480769230769 0.0673076923076923 0.18509615384615385
3 0.3016826923076923 0.3918269230769231 0.055288461538461536 0.11298076923076923
3 0.32572115384615385 0.21033653846153846 0.04807692307692308 0.10576923076923077
3 0.3389423076923077 0.12379807692307693 0.04567307692307692 0.0985576923076923
3 0.48677884615384615 0.04927884615384615 0.04807692307692308 0.0985576923076923
3 0.37740384615384615 0.49399038461538464 0.04807692307692308 0.11057692307692307
3 0.4879807692307692 0.2860576923076923 0.05048076923076923 0.10576923076923077
2 0.41586538461538464 0.11298076923076923 0.04326923076923077 0.13221153846153846
2 0.5612980769230769 0.37740384615384615 0.06971153846153846 0.14423076923076922
6 0.5625 0.5901442307692307 0.06971153846153846 0.1466346153846154
7 0.8389423076923077 0.34134615384615385 0.08173076923076923 0.2091346153846154
10 0.6430288461538461 0.2764423076923077 0.0673076923076923 0.17548076923076922
8 0.6430288461538461 0.17307692307692307 0.057692307692307696 0.13701923076923078
8 0.8461538461538461 0.5841346153846154 0.08413461538461539 0.15865384615384615
11 0.7536057692307693 0.7295673076923077 0.07451923076923077 0.14182692307692307
11 0.8064903846153846 0.042067307692307696 0.06009615384615385 0.08413461538461539
9 0.7451923076923077 0.5973557692307693 0.052884615384615384 0.11538461538461539
9 0.7271634615384616 0.04326923076923077 0.052884615384615384 0.08653846153846154
9 0.7211538461538461 0.19471153846153846 0.06009615384615385 0.10817307692307693
9 0.5709134615384616 0.27884615384615385 0.05048076923076923 0.11298076923076923
9 0.5564903846153846 0.7283653846153846 0.06490384615384616 0.125