0 0.29447115384615385 0.6117788461538461 0.0625 0.15384615384615385
5 0.42427884615384615 0.055288461538461536 0.06009615384615385 0.11057692307692307
5 0.15985576923076922 0.734375 0.06971153846153846 0.13942307692307693
1 0.21153846153846154 0.3581730769230769 0.08173076923076923 0.20432692307692307
4 0.41225961538461536 0.28125 0.06009615384615385 0.17067307692307693
0 0.4831730769230769 0.49759615384615385 0.055288461538461536 0.14182692307692307
3 0.3317307692307692 0.21875 0.04807692307692308 0.10096153846153846
3 0.34134615384615385 0.13221153846153846 0.040865384615384616 0.0985576923076923
3 0.3076923076923077 0.39783653846153844 0.05048076923076923 0.11298076923076923
3 0.296875 0.5048076923076923 0.052884615384615384 0.10576923076923077
3 0.3605769230769231 0.7536057692307693 0.055288461538461536 0.1201923076923077
3 0.390625 0.6189903846153846 0.052884615384615384 0.10817307692307693
3 0.49759615384615385 0.29447115384615385 0.04807692307692308 0.10336538461538461
3 0.4951923076923077 0.054086538461538464 0.04326923076923077 0.10817307692307693
2 0.421875 0.11658653846153846 0.057692307692307696 0.1346153846153846
2 0.5745192307692307 0.3942307692307692 0.0673076923076923 0.13942307692307693
10 0.8377403846153846 0.27403846153846156 0.07211538461538461 0.18269230769230768
7 0.8521634615384616 0.3641826923076923 0.07692307692307693 0.20192307692307693
11 0.765625 0.75 0.0673076923076923 0.14423076923076922
11 0.8185096153846154 0.04807692307692308 0.0625 0.09615384615384616
6 0.6574519230769231 0.05048076923076923 0.04807692307692308 0.10096153846153846
6 0.8677884615384616 0.49158653846153844 0.06490384615384616 0.14182692307692307
8 0.6538461538461539 0.19110576923076922 0.057692307692307696 0.14423076923076922
8 0.8569711538461539 0.6141826923076923 0.07211538461538461 0.14903846153846154
9 0.5793269230769231 0.296875 0.04567307692307692 0.10817307692307693
9 0.5865384615384616 0.12740384615384615 0.05048076923076923 0.10817307692307693
9 0.7367788461538461 0.05048076923076923 0.05048076923076923 0.10096153846153846
9 0.7391826923076923 0.21634615384615385 0.05048076923076923 0.10336538461538461
9 0.7475961538461539 0.4074519230769231 0.057692307692307696 0.10096153846153846
9 0.7548076923076923 0.515625 0.04807692307692308 0.10817307692307693
9 0.7548076923076923 0.625 0.057692307692307696 0.11538461538461539
9 0.5625 0.7475961538461539 0.057692307692307696 0.1201923076923077