0 0.7199519230769231 0.6117788461538461 0.0625 0.14903846153846154
5 0.5877403846153846 0.07091346153846154 0.057692307692307696 0.11298076923076923
5 0.8509615384615384 0.7307692307692307 0.0673076923076923 0.1346153846153846
1 0.7956730769230769 0.36778846153846156 0.08173076923076923 0.1971153846153846
4 0.6021634615384616 0.2932692307692308 0.06009615384615385 0.1658653846153846
0 0.5360576923076923 0.5024038461538461 0.055288461538461536 0.13701923076923078
3 0.6790865384615384 0.23197115384615385 0.04807692307692308 0.0985576923076923
3 0.6682692307692307 0.14903846153846154 0.040865384615384616 0.09375
3 0.7043269230769231 0.4050480769230769 0.04807692307692308 0.10817307692307693
3 0.7163461538461539 0.5084134615384616 0.052884615384615384 0.10096153846153846
3 0.6574519230769231 0.7475961538461539 0.052884615384615384 0.11538461538461539
3 0.6262019230769231 0.6189903846153846 0.052884615384615384 0.10336538461538461
3 0.5204326923076923 0.30649038461538464 0.04807692307692308 0.0985576923076923
3 0.5204326923076923 0.07451923076923077 0.04326923076923077 0.10336538461538461
2 0.5901442307692307 0.1346153846153846 0.055288461538461536 0.12980769230769232
2 0.44711538461538464 0.4014423076923077 0.0673076923076923 0.1346153846153846
10 0.19230769230769232 0.2860576923076923 0.07211538461538461 0.17548076923076922
7 0.1778846153846154 0.37259615384615385 0.07692307692307693 0.19471153846153846
11 0.265625 0.7439903846153846 0.0673076923076923 0.13942307692307693
11 0.20793269230769232 0.0625 0.0625 0.10576923076923077
6 0.3629807692307692 0.06370192307692307 0.04807692307692308 0.11298076923076923
6 0.1658653846153846 0.4951923076923077 0.06490384615384616 0.13701923076923078
8 0.36778846153846156 0.20552884615384615 0.057692307692307696 0.13942307692307693
8 0.17668269230769232 0.6129807692307693 0.07211538461538461 0.14423076923076922
9 0.4411057692307692 0.3076923076923077 0.04326923076923077 0.10336538461538461
9 0.43149038461538464 0.14543269230769232 0.05048076923076923 0.10576923076923077
9 0.2848557692307692 0.06490384615384616 0.04807692307692308 0.10336538461538461
9 0.2848557692307692 0.23076923076923078 0.05048076923076923 0.10096153846153846
9 0.2800480769230769 0.41466346153846156 0.057692307692307696 0.0985576923076923
9 0.27283653846153844 0.5180288461538461 0.04807692307692308 0.10576923076923077
9 0.27524038461538464 0.6225961538461539 0.055288461538461536 0.11298076923076923
9 0.46153846153846156 0.7415865384615384 0.057692307692307696 0.11538461538461539