1 0.3425480769230769 0.7463942307692307 0.08653846153846154 0.19471153846153846
5 0.15384615384615385 0.7788461538461539 0.07451923076923077 0.14182692307692307
4 0.40865384615384615 0.328125 0.06490384615384616 0.1778846153846154
3 0.32211538461538464 0.25600961538461536 0.05048076923076923 0.10576923076923077
3 0.3786057692307692 0.546875 0.057692307692307696 0.11538461538461539
3 0.4891826923076923 0.33653846153846156 0.052884615384615384 0.10817307692307693
11 0.5612980769230769 0.25240384615384615 0.057692307692307696 0.12259615384615384
7 0.6502403846153846 0.4110576923076923 0.07211538461538461 0.19230769230769232
9 0.5709134615384616 0.34134615384615385 0.04807692307692308 0.10817307692307693
9 0.6454326923076923 0.17908653846153846 0.04807692307692308 0.10576923076923077
9 0.7295673076923077 0.08653846153846154 0.05048076923076923 0.10817307692307693
9 0.7427884615384616 0.671875 0.06009615384615385 0.11778846153846154