4 0.4795673076923077 0.4266826923076923 0.07211538461538461 0.18028846153846154
1 0.2247596153846154 0.296875 0.08413461538461539 0.21394230769230768
5 0.20552884615384615 0.43990384615384615 0.07211538461538461 0.13701923076923078
3 0.25 0.7944711538461539 0.0673076923076923 0.12259615384615384
3 0.3125 0.3449519230769231 0.052884615384615384 0.11298076923076923
3 0.48677884615384615 0.26322115384615385 0.05048076923076923 0.1201923076923077
3 0.45552884615384615 0.6742788461538461 0.06009615384615385 0.12740384615384615
3 0.390625 0.5444711538461539 0.06009615384615385 0.11778846153846154
3 0.5108173076923077 0.16947115384615385 0.052884615384615384 0.11538461538461539
5 0.43028846153846156 0.08173076923076923 0.057692307692307696 0.12740384615384615
0 0.40024038461538464 0.15625 0.055288461538461536 0.15144230769230768
0 0.6502403846153846 0.546875 0.08173076923076923 0.14903846153846154
8 0.6514423076923077 0.32572115384615385 0.0625 0.13701923076923078
8 0.7644230769230769 0.8064903846153846 0.08653846153846154 0.15625
11 0.8100961538461539 0.09014423076923077 0.0625 0.13221153846153846
10 0.6598557692307693 0.15144230769230768 0.07211538461538461 0.1778846153846154
7 0.84375 0.41466346153846156 0.09375 0.21875
6 0.8221153846153846 0.15384615384615385 0.06490384615384616 0.14903846153846154
6 0.6454326923076923 0.4362980769230769 0.0673076923076923 0.14903846153846154
9 0.5901442307692307 0.08653846153846154 0.05048076923076923 0.10576923076923077
9 0.5865384615384616 0.24759615384615385 0.055288461538461536 0.11538461538461539
9 0.7331730769230769 0.16706730769230768 0.055288461538461536 0.11298076923076923
9 0.7451923076923077 0.34134615384615385 0.057692307692307696 0.1201923076923077
9 0.7451923076923077 0.44591346153846156 0.0625 0.11538461538461539
9 0.7572115384615384 0.6754807692307693 0.0673076923076923 0.12259615384615384