11 0.14903846153846154 0.08653846153846154 0.06490384615384616 0.13221153846153846
7 0.11057692307692307 0.3161057692307692 0.09615384615384616 0.21394230769230768
6 0.1346153846153846 0.14783653846153846 0.06490384615384616 0.15384615384615385
10 0.30528846153846156 0.14783653846153846 0.07692307692307693 0.19471153846153846
8 0.171875 0.8293269230769231 0.09375 0.1658653846153846
9 0.22716346153846154 0.16826923076923078 0.057692307692307696 0.1201923076923077
9 0.20793269230769232 0.34975961538461536 0.057692307692307696 0.11538461538461539
9 0.20552884615384615 0.4567307692307692 0.0625 0.1201923076923077
9 0.30649038461538464 0.5901442307692307 0.0673076923076923 0.1201923076923077
1 0.7524038461538461 0.3161057692307692 0.09615384615384616 0.21875
0 0.5721153846153846 0.1658653846153846 0.06009615384615385 0.16105769230769232
5 0.5456730769230769 0.07932692307692307 0.06009615384615385 0.14182692307692307
5 0.47596153846153844 0.3605769230769231 0.0673076923076923 0.14182692307692307
2 0.1875 0.6742788461538461 0.08173076923076923 0.17548076923076922
2 0.3016826923076923 0.4579326923076923 0.07211538461538461 0.16105769230769232
3 0.38341346153846156 0.18870192307692307 0.057692307692307696 0.11538461538461539
3 0.6598557692307693 0.3605769230769231 0.052884615384615384 0.1201923076923077
3 0.47596153846153844 0.8509615384615384 0.06490384615384616 0.125
3 0.5024038461538461 0.7019230769230769 0.0625 0.12259615384615384
3 0.5721153846153846 0.5697115384615384 0.0625 0.125