11 0.17908653846153846 0.10697115384615384 0.0625 0.12980769230769232
7 0.14783653846153846 0.3317307692307692 0.09134615384615384 0.21153846153846154
6 0.1658653846153846 0.16706730769230768 0.0625 0.15144230769230768
10 0.3329326923076923 0.15985576923076922 0.07451923076923077 0.19230769230769232
8 0.2247596153846154 0.8305288461538461 0.09134615384615384 0.1658653846153846
9 0.25721153846153844 0.18389423076923078 0.055288461538461536 0.11778846153846154
9 0.24278846153846154 0.36177884615384615 0.055288461538461536 0.11538461538461539
9 0.24519230769230768 0.4651442307692308 0.06009615384615385 0.1201923076923077
9 0.3485576923076923 0.5925480769230769 0.0625 0.11778846153846154
1 0.7752403846153846 0.30649038461538464 0.09375 0.21634615384615385
0 0.59375 0.1658653846153846 0.057692307692307696 0.15865384615384615
5 0.5649038461538461 0.08533653846153846 0.057692307692307696 0.14182692307692307
5 0.5060096153846154 0.3605769230769231 0.06490384615384616 0.14182692307692307
2 0.234375 0.6790865384615384 0.07692307692307693 0.17307692307692307
2 0.3389423076923077 0.46274038461538464 0.06971153846153846 0.15865384615384615
3 0.4110576923076923 0.19591346153846154 0.055288461538461536 0.11298076923076923
3 0.6862980769230769 0.3545673076923077 0.05048076923076923 0.11778846153846154
3 0.5228365384615384 0.8401442307692307 0.0625 0.125
3 0.5432692307692307 0.6935096153846154 0.06009615384615385 0.1201923076923077
3 0.6081730769230769 0.5612980769230769 0.06009615384615385 0.125