4 0.609375 0.296875 0.07932692307692307 0.18269230769230768
2 0.4483173076923077 0.4074519230769231 0.07451923076923077 0.1466346153846154
6 0.4411057692307692 0.6141826923076923 0.07211538461538461 0.15384615384615385
10 0.36538461538461536 0.2980769230769231 0.06971153846153846 0.18028846153846154
8 0.16105769230769232 0.6105769230769231 0.07932692307692307 0.16826923076923078
7 0.2668269230769231 0.3798076923076923 0.08173076923076923 0.20192307692307693
11 0.20793269230769232 0.06129807692307692 0.06490384615384616 0.11298076923076923
11 0.25 0.7608173076923077 0.08653846153846154 0.14423076923076922
9 0.25721153846153844 0.6286057692307693 0.0673076923076923 0.11057692307692307
9 0.28846153846153844 0.22235576923076922 0.06009615384615385 0.10817307692307693
9 0.28846153846153844 0.06129807692307692 0.06009615384615385 0.10576923076923077
9 0.44350961538461536 0.3112980769230769 0.04807692307692308 0.10576923076923077
9 0.4483173076923077 0.7536057692307693 0.0673076923076923 0.1201923076923077
3 0.5276442307692307 0.06850961538461539 0.057692307692307696 0.10576923076923077
3 0.6899038461538461 0.23557692307692307 0.057692307692307696 0.11298076923076923
3 0.6742788461538461 0.14783653846153846 0.055288461538461536 0.10576923076923077
3 0.5240384615384616 0.3076923076923077 0.06009615384615385 0.10817307692307693
3 0.6286057692307693 0.5168269230769231 0.0625 0.1201923076923077
3 0.7067307692307693 0.41346153846153844 0.055288461538461536 0.11778846153846154
1 0.8016826923076923 0.375 0.08653846153846154 0.21153846153846154
5 0.8473557692307693 0.75 0.08653846153846154 0.1466346153846154