4 0.6129807692307693 0.2848557692307692 0.08413461538461539 0.18509615384615385
2 0.4567307692307692 0.3918269230769231 0.07692307692307693 0.1466346153846154
6 0.45913461538461536 0.5973557692307693 0.07451923076923077 0.15625
10 0.3701923076923077 0.28125 0.07451923076923077 0.18028846153846154
8 0.18028846153846154 0.5877403846153846 0.08173076923076923 0.16826923076923078
7 0.27524038461538464 0.3581730769230769 0.08653846153846154 0.20192307692307693
11 0.203125 0.04927884615384615 0.06971153846153846 0.0985576923076923
11 0.27283653846153844 0.7379807692307693 0.0889423076923077 0.14423076923076922
9 0.27524038461538464 0.6069711538461539 0.0673076923076923 0.11057692307692307
9 0.28966346153846156 0.20432692307692307 0.06009615384615385 0.10817307692307693
9 0.28365384615384615 0.04807692307692308 0.06009615384615385 0.09615384615384616
9 0.44711538461538464 0.2956730769230769 0.05048076923076923 0.10336538461538461
9 0.47115384615384615 0.7355769230769231 0.0673076923076923 0.1201923076923077
3 0.5228365384615384 0.055288461538461536 0.057692307692307696 0.10576923076923077
3 0.6899038461538461 0.22596153846153846 0.06009615384615385 0.11057692307692307
3 0.6694711538461539 0.13701923076923078 0.055288461538461536 0.10576923076923077
3 0.5276442307692307 0.29447115384615385 0.06009615384615385 0.10817307692307693
3 0.6394230769230769 0.5048076923076923 0.0625 0.1201923076923077
3 0.7139423076923077 0.40384615384615385 0.057692307692307696 0.11538461538461539
1 0.8064903846153846 0.36658653846153844 0.0889423076923077 0.21153846153846154
5 0.8665865384615384 0.7415865384615384 0.0889423076923077 0.14903846153846154