4 0.390625 0.296875 0.07932692307692307 0.18269230769230768
2 0.5516826923076923 0.4074519230769231 0.07451923076923077 0.1466346153846154
6 0.5588942307692307 0.6141826923076923 0.07211538461538461 0.15384615384615385
10 0.6346153846153846 0.2980769230769231 0.06971153846153846 0.18028846153846154
8 0.8389423076923077 0.6105769230769231 0.07932692307692307 0.16826923076923078
7 0.7331730769230769 0.3798076923076923 0.08173076923076923 0.20192307692307693
11 0.7920673076923077 0.06129807692307692 0.06490384615384616 0.11298076923076923
11 0.75 0.7608173076923077 0.08653846153846154 0.14423076923076922
9 0.7427884615384616 0.6286057692307693 0.0673076923076923 0.11057692307692307
9 0.7115384615384616 0.22235576923076922 0.06009615384615385 0.10817307692307693
9 0.7115384615384616 0.06129807692307692 0.06009615384615385 0.10576923076923077
9 0.5564903846153846 0.3112980769230769 0.04807692307692308 0.10576923076923077
9 0.5516826923076923 0.7536057692307693 0.0673076923076923 0.1201923076923077
3 0.4723557692307692 0.06850961538461539 0.057692307692307696 0.10576923076923077
3 0.31009615384615385 0.23557692307692307 0.057692307692307696 0.11298076923076923
3 0.32572115384615385 0.14783653846153846 0.055288461538461536 0.10576923076923077
3 0.47596153846153844 0.3076923076923077 0.06009615384615385 0.10817307692307693
3 0.3713942307692308 0.5168269230769231 0.0625 0.1201923076923077
3 0.2932692307692308 0.41346153846153844 0.055288461538461536 0.11778846153846154
1 0.19831730769230768 0.375 0.08653846153846154 0.21153846153846154
5 0.15264423076923078 0.75 0.08653846153846154 0.1466346153846154