5 0.8665865384615384 0.7524038461538461 0.08173076923076923 0.14182692307692307
11 0.6622596153846154 0.734375 0.06971153846153846 0.14423076923076922
1 0.7475961538461539 0.6057692307692307 0.09134615384615384 0.20192307692307693
4 0.6165865384615384 0.29447115384615385 0.06971153846153846 0.18028846153846154
3 0.7175480769230769 0.4098557692307692 0.057692307692307696 0.11538461538461539
3 0.6959134615384616 0.22956730769230768 0.052884615384615384 0.11298076923076923
3 0.6430288461538461 0.5120192307692307 0.05048076923076923 0.11298076923076923
2 0.453125 0.39302884615384615 0.06971153846153846 0.13942307692307693
3 0.53125 0.29927884615384615 0.04807692307692308 0.10576923076923077
8 0.5240384615384616 0.12740384615384615 0.06009615384615385 0.13942307692307693
8 0.4651442307692308 0.7403846153846154 0.07211538461538461 0.15625
6 0.4543269230769231 0.6057692307692307 0.06009615384615385 0.1466346153846154
10 0.37259615384615385 0.28725961538461536 0.0625 0.18269230769230768
7 0.2776442307692308 0.3641826923076923 0.07451923076923077 0.2091346153846154
11 0.21634615384615385 0.055288461538461536 0.05048076923076923 0.09134615384615384
9 0.45072115384615385 0.29927884615384615 0.05048076923076923 0.10576923076923077
9 0.2932692307692308 0.052884615384615384 0.052884615384615384 0.0889423076923077
9 0.2956730769230769 0.20793269230769232 0.052884615384615384 0.10817307692307693
9 0.27163461538461536 0.6153846153846154 0.06490384615384616 0.11538461538461539