5 0.12259615384615384 0.7415865384615384 0.08173076923076923 0.13942307692307693
11 0.3245192307692308 0.7235576923076923 0.07211538461538461 0.14182692307692307
1 0.24278846153846154 0.5973557692307693 0.09134615384615384 0.19951923076923078
4 0.3737980769230769 0.28966346153846156 0.06971153846153846 0.17548076923076922
3 0.27283653846153844 0.40384615384615385 0.06009615384615385 0.11538461538461539
3 0.296875 0.22596153846153846 0.052884615384615384 0.11057692307692307
3 0.3449519230769231 0.5024038461538461 0.05048076923076923 0.11057692307692307
2 0.5336538461538461 0.3870192307692308 0.06971153846153846 0.13701923076923078
3 0.4579326923076923 0.29447115384615385 0.04807692307692308 0.10336538461538461
8 0.4675480769230769 0.12620192307692307 0.06009615384615385 0.13701923076923078
8 0.5180288461538461 0.7295673076923077 0.07211538461538461 0.15384615384615385
6 0.5300480769230769 0.5973557692307693 0.06009615384615385 0.14423076923076922
10 0.6129807692307693 0.2824519230769231 0.06490384615384616 0.18028846153846154
7 0.7067307692307693 0.359375 0.07451923076923077 0.20673076923076922
11 0.7716346153846154 0.054086538461538464 0.052884615384615384 0.09134615384615384
9 0.5372596153846154 0.29447115384615385 0.05048076923076923 0.10336538461538461
9 0.6959134615384616 0.052884615384615384 0.055288461538461536 0.0889423076923077
9 0.6911057692307693 0.20552884615384615 0.052884615384615384 0.10817307692307693
9 0.7103365384615384 0.6057692307692307 0.06490384615384616 0.11298076923076923