1 0.2283653846153846 0.296875 0.08173076923076923 0.21153846153846154
6 0.5588942307692307 0.43149038461538464 0.06490384615384616 0.14182692307692307
11 0.5649038461538461 0.33413461538461536 0.06490384615384616 0.13701923076923078
10 0.6538461538461539 0.1466346153846154 0.06490384615384616 0.18269230769230768
9 0.6442307692307693 0.5612980769230769 0.0673076923076923 0.11538461538461539
9 0.7235576923076923 0.16947115384615385 0.052884615384615384 0.11298076923076923
9 0.7415865384615384 0.3389423076923077 0.06009615384615385 0.11298076923076923
7 0.8317307692307693 0.30408653846153844 0.08173076923076923 0.20432692307692307
5 0.7271634615384616 0.06850961538461539 0.0673076923076923 0.12740384615384615
3 0.6538461538461539 0.4387019230769231 0.06009615384615385 0.11778846153846154
3 0.40865384615384615 0.34615384615384615 0.057692307692307696 0.11298076923076923
3 0.4567307692307692 0.6658653846153846 0.057692307692307696 0.12980769230769232