1 0.26802884615384615 0.6466346153846154 0.07692307692307693 0.20432692307692307
5 0.13822115384615385 0.7884615384615384 0.06971153846153846 0.14182692307692307
11 0.34615384615384615 0.7872596153846154 0.06971153846153846 0.14182692307692307
3 0.31850961538461536 0.2608173076923077 0.05048076923076923 0.10576923076923077
3 0.36899038461538464 0.5564903846153846 0.052884615384615384 0.10336538461538461
4 0.40024038461538464 0.33413461538461536 0.06490384615384616 0.17548076923076922
2 0.5588942307692307 0.4519230769230769 0.06490384615384616 0.14423076923076922
3 0.4855769230769231 0.35096153846153844 0.04567307692307692 0.10336538461538461
10 0.6430288461538461 0.35096153846153844 0.0673076923076923 0.17307692307692307
7 0.7391826923076923 0.4423076923076923 0.06971153846153846 0.19951923076923078
11 0.8269230769230769 0.27403846153846156 0.06490384615384616 0.12980769230769232
9 0.5661057692307693 0.35697115384615385 0.04567307692307692 0.10336538461538461
9 0.6442307692307693 0.19831730769230768 0.05048076923076923 0.11057692307692307
9 0.7295673076923077 0.10697115384615384 0.04567307692307692 0.10576923076923077
9 0.7427884615384616 0.6983173076923077 0.057692307692307696 0.12259615384615384