4 0.7824519230769231 0.31490384615384615 0.0673076923076923 0.16105769230769232
1 0.7944711538461539 0.38822115384615385 0.07451923076923077 0.18509615384615385
0 0.7524038461538461 0.2283653846153846 0.04567307692307692 0.12980769230769232
0 0.8076923076923077 0.515625 0.06490384615384616 0.1346153846153846
2 0.7439903846153846 0.1502403846153846 0.055288461538461536 0.125
2 0.8305288461538461 0.6346153846153846 0.07451923076923077 0.12980769230769232
5 0.7415865384615384 0.08413461538461539 0.05048076923076923 0.11298076923076923
5 0.8449519230769231 0.7596153846153846 0.07211538461538461 0.12980769230769232
3 0.6598557692307693 0.07932692307692307 0.040865384615384616 0.0985576923076923
3 0.6658653846153846 0.16105769230769232 0.040865384615384616 0.09615384615384616
3 0.6766826923076923 0.24278846153846154 0.040865384615384616 0.09375
3 0.6862980769230769 0.3269230769230769 0.04326923076923077 0.10096153846153846
3 0.6995192307692307 0.41947115384615385 0.04567307692307692 0.10096153846153846
3 0.7127403846153846 0.5264423076923077 0.04807692307692308 0.10096153846153846
3 0.7259615384615384 0.6346153846153846 0.055288461538461536 0.10576923076923077
3 0.7427884615384616 0.7536057692307693 0.052884615384615384 0.11538461538461539
10 0.18629807692307693 0.2824519230769231 0.0625 0.17067307692307693
7 0.17307692307692307 0.36778846153846156 0.0673076923076923 0.19471153846153846
6 0.19230769230769232 0.20432692307692307 0.04807692307692308 0.13701923076923078
6 0.15985576923076922 0.49038461538461536 0.057692307692307696 0.1346153846153846
8 0.20793269230769232 0.12860576923076922 0.057692307692307696 0.12980769230769232
8 0.16706730769230768 0.6069711538461539 0.0673076923076923 0.14182692307692307
11 0.20793269230769232 0.056490384615384616 0.04567307692307692 0.10336538461538461
11 0.14423076923076922 0.7487980769230769 0.0673076923076923 0.13701923076923078
9 0.28365384615384615 0.0625 0.04326923076923077 0.09615384615384616
9 0.2824519230769231 0.14423076923076922 0.040865384615384616 0.09134615384615384
9 0.2800480769230769 0.22956730769230768 0.040865384615384616 0.09615384615384616
9 0.27524038461538464 0.3125 0.04567307692307692 0.0985576923076923
9 0.2776442307692308 0.41346153846153844 0.04567307692307692 0.10096153846153846
9 0.265625 0.5180288461538461 0.04807692307692308 0.10336538461538461
9 0.265625 0.6225961538461539 0.05048076923076923 0.10576923076923077
9 0.25600961538461536 0.7451923076923077 0.057692307692307696 0.10817307692307693