4 0.19951923076923078 0.2956730769230769 0.07211538461538461 0.16105769230769232
1 0.1875 0.36899038461538464 0.08173076923076923 0.18509615384615385
0 0.23317307692307693 0.2091346153846154 0.05048076923076923 0.12740384615384615
0 0.16947115384615385 0.4987980769230769 0.06971153846153846 0.1346153846153846
2 0.2439903846153846 0.12980769230769232 0.06009615384615385 0.125
2 0.14423076923076922 0.6189903846153846 0.07932692307692307 0.12980769230769232
5 0.24639423076923078 0.0625 0.052884615384615384 0.11298076923076923
5 0.12620192307692307 0.7451923076923077 0.07692307692307693 0.13221153846153846
3 0.33052884615384615 0.05889423076923077 0.04326923076923077 0.0985576923076923
3 0.3233173076923077 0.14182692307692307 0.04567307692307692 0.09615384615384616
3 0.3088942307692308 0.22596153846153846 0.04326923076923077 0.09615384615384616
3 0.296875 0.31009615384615385 0.04567307692307692 0.10096153846153846
3 0.28125 0.40384615384615385 0.05048076923076923 0.10096153846153846
3 0.265625 0.5120192307692307 0.05048076923076923 0.10096153846153846
3 0.25 0.6225961538461539 0.057692307692307696 0.10576923076923077
3 0.23076923076923078 0.7415865384615384 0.055288461538461536 0.11538461538461539
10 0.8052884615384616 0.2800480769230769 0.0673076923076923 0.17067307692307693
7 0.8173076923076923 0.36658653846153844 0.07211538461538461 0.1971153846153846
6 0.8028846153846154 0.20072115384615385 0.052884615384615384 0.13701923076923078
6 0.828125 0.49158653846153844 0.0625 0.1346153846153846
8 0.7884615384615384 0.12259615384615384 0.0625 0.12740384615384615
8 0.8173076923076923 0.609375 0.07211538461538461 0.14423076923076922
11 0.7896634615384616 0.05048076923076923 0.05048076923076923 0.10096153846153846
11 0.8389423076923077 0.7548076923076923 0.07211538461538461 0.13701923076923078
9 0.7127403846153846 0.054086538461538464 0.04567307692307692 0.09615384615384616
9 0.7127403846153846 0.13581730769230768 0.04567307692307692 0.09375
9 0.7127403846153846 0.22235576923076922 0.04326923076923077 0.0985576923076923
9 0.7151442307692307 0.3076923076923077 0.04807692307692308 0.0985576923076923
9 0.7103365384615384 0.4098557692307692 0.04807692307692308 0.10096153846153846
9 0.71875 0.5168269230769231 0.05048076923076923 0.10576923076923077
9 0.7175480769230769 0.6225961538461539 0.052884615384615384 0.10576923076923077
9 0.7259615384615384 0.7475961538461539 0.06009615384615385 0.10817307692307693