1 0.7704326923076923 0.30408653846153844 0.0889423076923077 0.19951923076923078
2 0.6454326923076923 0.7680288461538461 0.07692307692307693 0.15625
5 0.6610576923076923 0.17067307692307693 0.06490384615384616 0.13221153846153846
3 0.6995192307692307 0.5408653846153846 0.055288461538461536 0.1201923076923077
3 0.5192307692307693 0.34975961538461536 0.05048076923076923 0.11298076923076923
0 0.5360576923076923 0.5408653846153846 0.06490384615384616 0.15144230769230768
0 0.35336538461538464 0.15384615384615385 0.06009615384615385 0.14182692307692307
7 0.17548076923076922 0.3954326923076923 0.08173076923076923 0.21153846153846154
8 0.19591346153846154 0.1502403846153846 0.07211538461538461 0.15865384615384615
6 0.5012019230769231 0.07451923076923077 0.06009615384615385 0.14423076923076922
6 0.3545673076923077 0.3269230769230769 0.0673076923076923 0.15144230769230768
9 0.34134615384615385 0.5516826923076923 0.057692307692307696 0.1201923076923077