1 0.21033653846153846 0.26322115384615385 0.08413461538461539 0.21153846153846154
5 0.41466346153846156 0.057692307692307696 0.0625 0.11538461538461539
0 0.4795673076923077 0.20192307692307693 0.057692307692307696 0.15625
3 0.5709134615384616 0.14903846153846154 0.05048076923076923 0.1201923076923077
3 0.3004807692307692 0.3137019230769231 0.052884615384615384 0.11778846153846154
3 0.37740384615384615 0.5204326923076923 0.06009615384615385 0.12259615384615384
3 0.44711538461538464 0.6502403846153846 0.06009615384615385 0.12740384615384615
2 0.5564903846153846 0.640625 0.06971153846153846 0.15865384615384615
2 0.7572115384615384 0.6274038461538461 0.07451923076923077 0.16346153846153846
10 0.6478365384615384 0.1201923076923077 0.06009615384615385 0.18028846153846154
11 0.8004807692307693 0.0673076923076923 0.06971153846153846 0.1346153846153846
7 0.8305288461538461 0.28725961538461536 0.07692307692307693 0.21153846153846154
8 0.7620192307692307 0.7836538461538461 0.08173076923076923 0.16826923076923078
6 0.5504807692307693 0.4110576923076923 0.06009615384615385 0.15384615384615385
9 0.6466346153846154 0.3076923076923077 0.055288461538461536 0.125
9 0.7235576923076923 0.14182692307692307 0.05048076923076923 0.11778846153846154
9 0.7355769230769231 0.3173076923076923 0.05048076923076923 0.1201923076923077
9 0.6382211538461539 0.5456730769230769 0.06009615384615385 0.125