1 0.7896634615384616 0.26322115384615385 0.08413461538461539 0.21153846153846154
5 0.5853365384615384 0.057692307692307696 0.0625 0.11538461538461539
0 0.5204326923076923 0.20192307692307693 0.057692307692307696 0.15625
3 0.42908653846153844 0.14903846153846154 0.05048076923076923 0.1201923076923077
3 0.6995192307692307 0.3137019230769231 0.052884615384615384 0.11778846153846154
3 0.6225961538461539 0.5204326923076923 0.06009615384615385 0.12259615384615384
3 0.5528846153846154 0.6502403846153846 0.06009615384615385 0.12740384615384615
2 0.44350961538461536 0.640625 0.06971153846153846 0.15865384615384615
2 0.24278846153846154 0.6274038461538461 0.07451923076923077 0.16346153846153846
10 0.35216346153846156 0.1201923076923077 0.06009615384615385 0.18028846153846154
11 0.19951923076923078 0.0673076923076923 0.06971153846153846 0.1346153846153846
7 0.16947115384615385 0.28725961538461536 0.07692307692307693 0.21153846153846154
8 0.23798076923076922 0.7836538461538461 0.08173076923076923 0.16826923076923078
6 0.4495192307692308 0.4110576923076923 0.06009615384615385 0.15384615384615385
9 0.35336538461538464 0.3076923076923077 0.055288461538461536 0.125
9 0.2764423076923077 0.14182692307692307 0.05048076923076923 0.11778846153846154
9 0.2644230769230769 0.3173076923076923 0.05048076923076923 0.1201923076923077
9 0.36177884615384615 0.5456730769230769 0.06009615384615385 0.125