1 0.7764423076923077 0.28966346153846156 0.08413461538461539 0.20673076923076922
5 0.5721153846153846 0.07572115384615384 0.0625 0.13221153846153846
0 0.5108173076923077 0.22956730769230768 0.057692307692307696 0.15144230769230768
3 0.421875 0.17548076923076922 0.05048076923076923 0.11778846153846154
3 0.6887019230769231 0.3389423076923077 0.052884615384615384 0.11538461538461539
3 0.6141826923076923 0.5420673076923077 0.06009615384615385 0.1201923076923077
3 0.5480769230769231 0.6670673076923077 0.0625 0.125
2 0.4411057692307692 0.6574519230769231 0.06971153846153846 0.15625
2 0.2439903846153846 0.6442307692307693 0.07692307692307693 0.15865384615384615
10 0.3449519230769231 0.1466346153846154 0.0625 0.1778846153846154
11 0.19471153846153846 0.09254807692307693 0.06971153846153846 0.1346153846153846
7 0.16826923076923078 0.3088942307692308 0.07692307692307693 0.20673076923076922
8 0.24158653846153846 0.7956730769230769 0.08173076923076923 0.16346153846153846
6 0.44471153846153844 0.4326923076923077 0.0625 0.14903846153846154
9 0.3485576923076923 0.33052884615384615 0.057692307692307696 0.12259615384615384
9 0.27163461538461536 0.16706730769230768 0.052884615384615384 0.11538461538461539
9 0.2620192307692308 0.3401442307692308 0.05048076923076923 0.11778846153846154
9 0.359375 0.5637019230769231 0.06009615384615385 0.12259615384615384