2 0.7259615384615384 0.6274038461538461 0.07692307692307693 0.1466346153846154
5 0.8557692307692307 0.7415865384615384 0.07932692307692307 0.14182692307692307
1 0.796875 0.37740384615384615 0.07932692307692307 0.20673076923076922
4 0.6045673076923077 0.31009615384615385 0.0673076923076923 0.18509615384615385
5 0.5913461538461539 0.078125 0.052884615384615384 0.1201923076923077
8 0.59375 0.1466346153846154 0.055288461538461536 0.1346153846153846
8 0.4495192307692308 0.41466346153846156 0.06490384615384616 0.13942307692307693
3 0.5228365384615384 0.08413461538461539 0.04807692307692308 0.10576923076923077
3 0.6826923076923077 0.2403846153846154 0.05048076923076923 0.10336538461538461
3 0.6670673076923077 0.15745192307692307 0.05048076923076923 0.10096153846153846
3 0.7079326923076923 0.41586538461538464 0.052884615384615384 0.11057692307692307
3 0.7175480769230769 0.5168269230769231 0.057692307692307696 0.11057692307692307
3 0.65625 0.7536057692307693 0.0673076923076923 0.11538461538461539
3 0.5240384615384616 0.3161057692307692 0.05048076923076923 0.11057692307692307
7 0.1778846153846154 0.3954326923076923 0.07932692307692307 0.20192307692307693
11 0.20793269230769232 0.08173076923076923 0.06009615384615385 0.11057692307692307
11 0.2668269230769231 0.7728365384615384 0.07211538461538461 0.14423076923076922
6 0.16466346153846154 0.5180288461538461 0.06971153846153846 0.14423076923076922
10 0.19230769230769232 0.30649038461538464 0.06971153846153846 0.17548076923076922
8 0.36778846153846156 0.21875 0.0625 0.13942307692307693
8 0.17307692307692307 0.6334134615384616 0.07451923076923077 0.15144230769230768
9 0.4423076923076923 0.32211538461538464 0.04807692307692308 0.10576923076923077
9 0.2860576923076923 0.0829326923076923 0.05048076923076923 0.10096153846153846
9 0.2848557692307692 0.25 0.052884615384615384 0.10817307692307693
9 0.2800480769230769 0.43990384615384615 0.055288461538461536 0.10576923076923077
9 0.27283653846153844 0.5408653846153846 0.057692307692307696 0.10576923076923077
9 0.27283653846153844 0.6430288461538461 0.057692307692307696 0.11057692307692307
9 0.46274038461538464 0.7560096153846154 0.06009615384615385 0.11778846153846154