2 0.296875 0.6057692307692307 0.07932692307692307 0.14903846153846154
5 0.16947115384615385 0.7283653846153846 0.08173076923076923 0.14182692307692307
1 0.21394230769230768 0.35336538461538464 0.08413461538461539 0.2091346153846154
4 0.4098557692307692 0.27403846153846156 0.0673076923076923 0.1875
5 0.41586538461538464 0.04927884615384615 0.057692307692307696 0.0985576923076923
8 0.41586538461538464 0.10576923076923077 0.057692307692307696 0.13701923076923078
8 0.5733173076923077 0.375 0.0673076923076923 0.14182692307692307
3 0.4855769230769231 0.04807692307692308 0.052884615384615384 0.09615384615384616
3 0.3269230769230769 0.20793269230769232 0.052884615384615384 0.10336538461538461
3 0.3401442307692308 0.12139423076923077 0.05048076923076923 0.10096153846153846
3 0.3076923076923077 0.3870192307692308 0.055288461538461536 0.11298076923076923
3 0.3016826923076923 0.49278846153846156 0.057692307692307696 0.11298076923076923
3 0.3737980769230769 0.7331730769230769 0.06971153846153846 0.11538461538461539
3 0.49158653846153844 0.2776442307692308 0.05048076923076923 0.11298076923076923
7 0.8497596153846154 0.34134615384615385 0.08173076923076923 0.20432692307692307
11 0.8088942307692307 0.038461538461538464 0.06009615384615385 0.07692307692307693
11 0.7740384615384616 0.7319711538461539 0.07451923076923077 0.14423076923076922
6 0.8677884615384616 0.4675480769230769 0.07211538461538461 0.1466346153846154
10 0.8329326923076923 0.2512019230769231 0.07211538461538461 0.1778846153846154
8 0.6502403846153846 0.17067307692307693 0.06490384615384616 0.14182692307692307
8 0.8641826923076923 0.5865384615384616 0.07692307692307693 0.15144230769230768
9 0.5757211538461539 0.27884615384615385 0.04807692307692308 0.10576923076923077
9 0.7283653846153846 0.038461538461538464 0.052884615384615384 0.07692307692307693
9 0.7355769230769231 0.19831730769230768 0.052884615384615384 0.11057692307692307
9 0.7475961538461539 0.39302884615384615 0.055288461538461536 0.10817307692307693
9 0.7572115384615384 0.4963942307692308 0.057692307692307696 0.10576923076923077
9 0.7632211538461539 0.6009615384615384 0.06009615384615385 0.11298076923076923
9 0.5733173076923077 0.7259615384615384 0.06009615384615385 0.1201923076923077