5 0.8641826923076923 0.734375 0.08173076923076923 0.14423076923076922
1 0.8257211538461539 0.4795673076923077 0.0985576923076923 0.21394230769230768
4 0.6105769230769231 0.2824519230769231 0.0673076923076923 0.18269230769230768
8 0.5120192307692307 0.12259615384615384 0.06971153846153846 0.13701923076923078
3 0.5288461538461539 0.05048076923076923 0.05048076923076923 0.10096153846153846
3 0.7127403846153846 0.39783653846153844 0.057692307692307696 0.1201923076923077
3 0.6887019230769231 0.21394230769230768 0.06009615384615385 0.10817307692307693
3 0.5264423076923077 0.2956730769230769 0.052884615384615384 0.11057692307692307
3 0.6418269230769231 0.5012019230769231 0.06009615384615385 0.11778846153846154
2 0.4483173076923077 0.3918269230769231 0.06490384615384616 0.14423076923076922
8 0.16105769230769232 0.6105769230769231 0.07932692307692307 0.15384615384615385
10 0.36538461538461536 0.28725961538461536 0.06971153846153846 0.17548076923076922
7 0.2704326923076923 0.36778846153846156 0.08173076923076923 0.20673076923076922
9 0.2668269230769231 0.625 0.0625 0.11778846153846154
11 0.25841346153846156 0.7584134615384616 0.07451923076923077 0.14423076923076922
11 0.20072115384615385 0.05048076923076923 0.06490384615384616 0.10096153846153846
9 0.2824519230769231 0.051682692307692304 0.06009615384615385 0.10336538461538461
9 0.44350961538461536 0.29927884615384615 0.06009615384615385 0.11057692307692307
9 0.28725961538461536 0.21514423076923078 0.05048076923076923 0.11778846153846154
6 0.4483173076923077 0.6045673076923077 0.07211538461538461 0.15625
9 0.45913461538461536 0.7463942307692307 0.0625 0.12259615384615384