5 0.15745192307692307 0.7307692307692307 0.07932692307692307 0.14423076923076922
1 0.18509615384615385 0.4807692307692308 0.08173076923076923 0.2091346153846154
3 0.4735576923076923 0.05048076923076923 0.04567307692307692 0.10096153846153846
2 0.5576923076923077 0.37740384615384615 0.06971153846153846 0.14182692307692307
7 0.7331730769230769 0.3485576923076923 0.07932692307692307 0.2091346153846154
10 0.6382211538461539 0.2692307692307692 0.0673076923076923 0.19230769230769232
4 0.39783653846153844 0.2764423076923077 0.0673076923076923 0.18028846153846154
3 0.3317307692307692 0.12860576923076922 0.05048076923076923 0.11298076923076923
3 0.32211538461538464 0.21033653846153846 0.05048076923076923 0.11057692307692307
3 0.2980769230769231 0.3954326923076923 0.052884615384615384 0.10817307692307693
3 0.3737980769230769 0.4951923076923077 0.0625 0.1201923076923077
3 0.48197115384615385 0.2800480769230769 0.055288461538461536 0.1201923076923077
8 0.49158653846153844 0.11298076923076923 0.0673076923076923 0.15144230769230768
8 0.8401442307692307 0.5769230769230769 0.07692307692307693 0.15625
11 0.7475961538461539 0.7259615384615384 0.08653846153846154 0.15144230769230768
11 0.7932692307692307 0.042067307692307696 0.0625 0.08413461538461539
6 0.5625 0.5829326923076923 0.0673076923076923 0.15144230769230768
9 0.5612980769230769 0.28125 0.055288461538461536 0.10336538461538461
9 0.7139423076923077 0.039663461538461536 0.052884615384615384 0.07932692307692307
9 0.7151442307692307 0.19110576923076922 0.052884615384615384 0.11778846153846154
9 0.7415865384615384 0.59375 0.06490384615384616 0.1201923076923077
9 0.5516826923076923 0.7235576923076923 0.06009615384615385 0.11778846153846154