5 0.8557692307692307 0.765625 0.07451923076923077 0.1466346153846154
1 0.7355769230769231 0.6081730769230769 0.09375 0.22596153846153846
4 0.609375 0.2824519230769231 0.07451923076923077 0.18269230769230768
3 0.6959134615384616 0.21514423076923078 0.05048076923076923 0.11298076923076923
3 0.6358173076923077 0.5096153846153846 0.052884615384615384 0.12259615384615384
3 0.5228365384615384 0.28966346153846156 0.052884615384615384 0.11538461538461539
2 0.4411057692307692 0.3870192307692308 0.07932692307692307 0.15144230769230768
10 0.359375 0.27283653846153844 0.06971153846153846 0.1971153846153846
7 0.2608173076923077 0.3473557692307692 0.07692307692307693 0.21875
9 0.4375 0.2860576923076923 0.06009615384615385 0.11778846153846154
9 0.36538461538461536 0.11658653846153846 0.055288461538461536 0.11298076923076923
9 0.2800480769230769 0.042067307692307696 0.05048076923076923 0.07692307692307693
9 0.24639423076923078 0.6081730769230769 0.0673076923076923 0.1346153846153846
11 0.1778846153846154 0.1814903846153846 0.0673076923076923 0.13701923076923078
11 0.6502403846153846 0.7427884615384616 0.07932692307692307 0.16346153846153846