5 0.8846153846153846 0.8245192307692307 0.08173076923076923 0.15144230769230768
1 0.765625 0.6610576923076923 0.10336538461538461 0.23317307692307693
4 0.6454326923076923 0.32572115384615385 0.08173076923076923 0.1875
3 0.7367788461538461 0.25600961538461536 0.055288461538461536 0.11538461538461539
3 0.6646634615384616 0.5576923076923077 0.057692307692307696 0.12740384615384615
3 0.5576923076923077 0.3317307692307692 0.057692307692307696 0.1201923076923077
2 0.47115384615384615 0.43028846153846156 0.08413461538461539 0.15625
10 0.3894230769230769 0.31490384615384615 0.07932692307692307 0.20192307692307693
7 0.28725961538461536 0.38822115384615385 0.08413461538461539 0.22596153846153846
9 0.46875 0.328125 0.06490384615384616 0.1201923076923077
9 0.4014423076923077 0.15264423076923078 0.06009615384615385 0.11778846153846154
9 0.3161057692307692 0.06129807692307692 0.06009615384615385 0.11057692307692307
9 0.2644230769230769 0.65625 0.07211538461538461 0.13701923076923078
11 0.20793269230769232 0.21634615384615385 0.07451923076923077 0.14182692307692307
11 0.6742788461538461 0.7992788461538461 0.08413461538461539 0.16826923076923078