5 0.14423076923076922 0.765625 0.07451923076923077 0.1466346153846154
1 0.2644230769230769 0.6081730769230769 0.09375 0.22596153846153846
4 0.390625 0.2824519230769231 0.07451923076923077 0.18269230769230768
3 0.30408653846153844 0.21514423076923078 0.05048076923076923 0.11298076923076923
3 0.3641826923076923 0.5096153846153846 0.052884615384615384 0.12259615384615384
3 0.47716346153846156 0.28966346153846156 0.052884615384615384 0.11538461538461539
2 0.5588942307692307 0.3870192307692308 0.07932692307692307 0.15144230769230768
10 0.640625 0.27283653846153844 0.06971153846153846 0.1971153846153846
7 0.7391826923076923 0.3473557692307692 0.07692307692307693 0.21875
9 0.5625 0.2860576923076923 0.06009615384615385 0.11778846153846154
9 0.6346153846153846 0.11658653846153846 0.055288461538461536 0.11298076923076923
9 0.7199519230769231 0.042067307692307696 0.05048076923076923 0.07692307692307693
9 0.7536057692307693 0.6081730769230769 0.0673076923076923 0.1346153846153846
11 0.8221153846153846 0.1814903846153846 0.0673076923076923 0.13701923076923078
11 0.34975961538461536 0.7427884615384616 0.07932692307692307 0.16346153846153846