1 0.828125 0.28725961538461536 0.09134615384615384 0.21875
0 0.6370192307692307 0.13221153846153846 0.0625 0.15384615384615385
5 0.6129807692307693 0.05889423076923077 0.0673076923076923 0.11778846153846154
5 0.5564903846153846 0.22115384615384615 0.07211538461538461 0.13221153846153846
2 0.47475961538461536 0.22355769230769232 0.06490384615384616 0.14182692307692307
3 0.4519230769230769 0.15264423076923078 0.057692307692307696 0.11298076923076923
3 0.7391826923076923 0.3293269230769231 0.055288461538461536 0.11778846153846154
3 0.6610576923076923 0.5396634615384616 0.057692307692307696 0.125
3 0.8137019230769231 0.8028846153846154 0.06971153846153846 0.12740384615384615
3 0.5973557692307693 0.671875 0.06971153846153846 0.1346153846153846
2 0.4951923076923077 0.7896634615384616 0.08413461538461539 0.1778846153846154
7 0.1814903846153846 0.3858173076923077 0.09615384615384616 0.22355769230769232
11 0.21153846153846154 0.056490384615384616 0.07451923076923077 0.11298076923076923
8 0.27524038461538464 0.7932692307692307 0.09375 0.17548076923076922
10 0.36778846153846156 0.1141826923076923 0.07692307692307693 0.19471153846153846
6 0.19951923076923078 0.11057692307692307 0.0673076923076923 0.15144230769230768
6 0.3894230769230769 0.41225961538461536 0.06971153846153846 0.15625
9 0.5408653846153846 0.1310096153846154 0.06009615384615385 0.11778846153846154
9 0.2956730769230769 0.1310096153846154 0.0625 0.12259615384615384
9 0.28365384615384615 0.31009615384615385 0.057692307692307696 0.11778846153846154
9 0.2848557692307692 0.4182692307692308 0.0673076923076923 0.12259615384615384
9 0.39663461538461536 0.5540865384615384 0.06971153846153846 0.12980769230769232