1 0.22956730769230768 0.29927884615384615 0.08173076923076923 0.20192307692307693
3 0.25721153846153844 0.7860576923076923 0.0625 0.11778846153846154
5 0.19591346153846154 0.5300480769230769 0.07211538461538461 0.1346153846153846
5 0.43028846153846156 0.08052884615384616 0.04807692307692308 0.13221153846153846
2 0.40384615384615385 0.33413461538461536 0.057692307692307696 0.1466346153846154
2 0.36538461538461536 0.65625 0.06490384615384616 0.15384615384615385
4 0.48197115384615385 0.4254807692307692 0.06490384615384616 0.18028846153846154
3 0.48677884615384615 0.2620192307692308 0.05048076923076923 0.11778846153846154
3 0.4567307692307692 0.6658653846153846 0.06009615384615385 0.125
3 0.39302884615384615 0.5420673076923077 0.055288461538461536 0.11298076923076923
3 0.3173076923076923 0.3425480769230769 0.052884615384615384 0.10817307692307693
3 0.5084134615384616 0.17307692307692307 0.04567307692307692 0.10336538461538461
0 0.4026442307692308 0.15625 0.055288461538461536 0.14182692307692307
0 0.6430288461538461 0.5396634615384616 0.0673076923076923 0.14182692307692307
8 0.7644230769230769 0.7908653846153846 0.08173076923076923 0.15865384615384615
7 0.8377403846153846 0.4098557692307692 0.08173076923076923 0.21394230769230768
11 0.8016826923076923 0.08774038461538461 0.06490384615384616 0.12980769230769232
10 0.6550480769230769 0.1466346153846154 0.057692307692307696 0.1778846153846154
8 0.6490384615384616 0.32211538461538464 0.06009615384615385 0.1346153846153846
6 0.6442307692307693 0.42908653846153844 0.0625 0.13701923076923078
6 0.8161057692307693 0.15144230769230768 0.0625 0.1466346153846154
9 0.5853365384615384 0.08653846153846154 0.04807692307692308 0.10817307692307693
9 0.5841346153846154 0.24759615384615385 0.05048076923076923 0.11538461538461539
9 0.7259615384615384 0.16947115384615385 0.04807692307692308 0.10576923076923077
9 0.7415865384615384 0.33774038461538464 0.052884615384615384 0.10817307692307693
9 0.7403846153846154 0.4387019230769231 0.057692307692307696 0.10817307692307693
9 0.7524038461538461 0.6670673076923077 0.06009615384615385 0.11778846153846154