9 0.9783653846153846 0.43990384615384615 0.042067307692307696 0.10697115384615384
11 0.4699519230769231 0.04567307692307692 0.04567307692307692 0.09134615384615384
0 0.8305288461538461 0.04807692307692308 0.04807692307692308 0.09615384615384616
5 0.7824519230769231 0.057692307692307696 0.04807692307692308 0.11538461538461539
2 0.6742788461538461 0.06370192307692307 0.046875 0.11658653846153846
8 0.7415865384615384 0.0733173076923077 0.054086538461538464 0.0985576923076923
5 0.9459134615384616 0.09975961538461539 0.06370192307692307 0.12259615384615384
10 0.3425480769230769 0.109375 0.06370192307692307 0.15985576923076922
9 0.84375 0.12860576923076922 0.04927884615384615 0.09495192307692307
1 0.40024038461538464 0.14182692307692307 0.0625 0.1971153846153846
9 0.9795673076923077 0.20432692307692307 0.036057692307692304 0.10096153846153846
3 0.9098557692307693 0.2091346153846154 0.054086538461538464 0.09615384615384616
8 0.5396634615384616 0.23317307692307693 0.056490384615384616 0.14423076923076922
6 0.9519230769230769 0.24759615384615385 0.0673076923076923 0.1141826923076923
7 0.46634615384615385 0.25961538461538464 0.06009615384615385 0.20793269230769232
3 0.9507211538461539 0.31490384615384615 0.06129807692307692 0.10336538461538461