4 0.7872596153846154 0.34615384615384615 0.09615384615384616 0.18509615384615385
10 0.19591346153846154 0.34975961538461536 0.09014423076923077 0.18509615384615385
3 0.6875 0.37740384615384615 0.06009615384615385 0.11538461538461539
0 0.7944711538461539 0.43509615384615385 0.07091346153846154 0.15504807692307693
6 0.18389423076923078 0.4411057692307692 0.07692307692307693 0.15625
3 0.6971153846153846 0.45072115384615385 0.05889423076923077 0.11899038461538461
9 0.28365384615384615 0.47115384615384615 0.06850961538461539 0.12259615384615384
2 0.8185096153846154 0.5276442307692307 0.08413461538461539 0.15985576923076922
8 0.16706730769230768 0.5408653846153846 0.09134615384615384 0.1658653846153846
3 0.7103365384615384 0.5420673076923077 0.06850961538461539 0.12379807692307693
9 0.2608173076923077 0.5432692307692307 0.07091346153846154 0.12620192307692307
5 0.8221153846153846 0.6225961538461539 0.09615384615384616 0.17548076923076922
11 0.15264423076923078 0.6490384615384616 0.10096153846153846 0.18028846153846154
9 0.25721153846153844 0.6514423076923077 0.07572115384615384 0.1346153846153846
3 0.7367788461538461 0.6526442307692307 0.07692307692307693 0.13221153846153846
5 0.7211538461538461 0.12139423076923077 0.06009615384615385 0.13581730769230768
11 0.25600961538461536 0.12740384615384615 0.06370192307692307 0.13341346153846154
3 0.6574519230769231 0.13701923076923078 0.05048076923076923 0.10216346153846154
9 0.3269230769230769 0.140625 0.051682692307692304 0.0985576923076923
2 0.7307692307692307 0.17427884615384615 0.05889423076923077 0.13221153846153846
8 0.23677884615384615 0.17548076923076922 0.0673076923076923 0.13822115384615385
3 0.6574519230769231 0.1875 0.055288461538461536 0.10576923076923077
9 0.32091346153846156 0.18990384615384615 0.04927884615384615 0.09975961538461539
6 0.2439903846153846 0.23197115384615385 0.057692307692307696 0.14423076923076922
0 0.75 0.23557692307692307 0.06129807692307692 0.14182692307692307
3 0.6802884615384616 0.25240384615384615 0.054086538461538464 0.109375
9 0.32091346153846156 0.2548076923076923 0.054086538461538464 0.10817307692307693
1 0.7620192307692307 0.26322115384615385 0.08413461538461539 0.20673076923076922
7 0.21394230769230768 0.2692307692307692 0.08653846153846154 0.203125
9 0.5324519230769231 0.31009615384615385 0.06009615384615385 0.11658653846153846
9 0.2956730769230769 0.3112980769230769 0.05889423076923077 0.1201923076923077