9 0.4495192307692308 0.38100961538461536 0.05889423076923077 0.11658653846153846
1 0.7992788461538461 0.40625 0.09495192307692307 0.21754807692307693
11 0.5300480769230769 0.04807692307692308 0.04567307692307692 0.09495192307692307
0 0.16947115384615385 0.05048076923076923 0.05048076923076923 0.10096153846153846
8 0.5372596153846154 0.5276442307692307 0.06850961538461539 0.1622596153846154
9 0.25961538461538464 0.5456730769230769 0.07091346153846154 0.12259615384615384
4 0.4519230769230769 0.05889423076923077 0.051682692307692304 0.11778846153846154
5 0.8221153846153846 0.625 0.09495192307692307 0.17307692307692307
3 0.7367788461538461 0.6514423076923077 0.07572115384615384 0.13341346153846154
9 0.25721153846153844 0.6526442307692307 0.07451923076923077 0.13221153846153846
3 0.65625 0.13942307692307693 0.05048076923076923 0.10336538461538461
9 0.3329326923076923 0.14543269230769232 0.05048076923076923 0.10216346153846154
7 0.24639423076923078 0.15865384615384615 0.07451923076923077 0.19230769230769232
9 0.026442307692307692 0.20552884615384615 0.051682692307692304 0.09975961538461539
3 0.08653846153846154 0.21394230769230768 0.055288461538461536 0.10096153846153846
2 0.6694711538461539 0.22596153846153846 0.06009615384615385 0.14182692307692307
11 0.23798076923076922 0.23798076923076922 0.06610576923076923 0.14423076923076922
5 0.7572115384615384 0.23918269230769232 0.06850961538461539 0.14783653846153846
3 0.6057692307692307 0.2512019230769231 0.055288461538461536 0.11298076923076923
9 0.5192307692307693 0.25240384615384615 0.055288461538461536 0.11057692307692307
10 0.6971153846153846 0.2848557692307692 0.08052884615384616 0.18028846153846154
9 0.375 0.3112980769230769 0.057692307692307696 0.1141826923076923
3 0.04927884615384615 0.3173076923076923 0.06129807692307692 0.10216346153846154