9 0.9783653846153846 0.43990384615384615 0.042067307692307696 0.10576923076923077
11 0.46875 0.04567307692307692 0.04447115384615385 0.09134615384615384
0 0.8305288461538461 0.04927884615384615 0.04927884615384615 0.0985576923076923
7 0.7403846153846154 0.5144230769230769 0.09975961538461539 0.21995192307692307
5 0.7824519230769231 0.057692307692307696 0.05048076923076923 0.11538461538461539
2 0.6754807692307693 0.06370192307692307 0.046875 0.11658653846153846
8 0.7415865384615384 0.07572115384615384 0.054086538461538464 0.09735576923076923
1 0.4675480769230769 0.10096153846153846 0.056490384615384616 0.19591346153846154
5 0.9459134615384616 0.10096153846153846 0.06490384615384616 0.12379807692307693
9 0.8449519230769231 0.12740384615384615 0.05048076923076923 0.09615384615384616
9 0.9747596153846154 0.203125 0.04567307692307692 0.0985576923076923
3 0.9146634615384616 0.2127403846153846 0.054086538461538464 0.09735576923076923
10 0.39903846153846156 0.22235576923076922 0.06971153846153846 0.17307692307692307
11 0.5492788461538461 0.23557692307692307 0.056490384615384616 0.14783653846153846
3 0.9519230769230769 0.31490384615384615 0.06009615384615385 0.10336538461538461