3 0.31490384615384615 0.33774038461538464 0.03125 0.07572115384615384
9 0.7079326923076923 0.35697115384615385 0.03365384615384615 0.07451923076923077
4 0.19110576923076922 0.38461538461538464 0.06850961538461539 0.1466346153846154
10 0.8221153846153846 0.4026442307692308 0.0733173076923077 0.1466346153846154
3 0.28966346153846156 0.41346153846153844 0.036057692307692304 0.07572115384615384
9 0.7223557692307693 0.4338942307692308 0.040865384615384616 0.08052884615384616
0 0.16947115384615385 0.4807692307692308 0.055288461538461536 0.11778846153846154
3 0.27283653846153844 0.49759615384615385 0.038461538461538464 0.08173076923076923
9 0.7295673076923077 0.5180288461538461 0.040865384615384616 0.0829326923076923
6 0.8317307692307693 0.5180288461538461 0.057692307692307696 0.12139423076923077
2 0.15144230769230768 0.5805288461538461 0.06490384615384616 0.11899038461538461
8 0.8713942307692307 0.6045673076923077 0.06610576923076923 0.11899038461538461
3 0.25721153846153844 0.6081730769230769 0.042067307692307696 0.08653846153846154
9 0.7524038461538461 0.6225961538461539 0.046875 0.08653846153846154
3 0.23798076923076922 0.7175480769230769 0.05048076923076923 0.08774038461538461
5 0.12379807692307693 0.71875 0.06971153846153846 0.109375
11 0.9230769230769231 0.7487980769230769 0.07572115384615384 0.10817307692307693
9 0.78125 0.7512019230769231 0.05048076923076923 0.08653846153846154
5 0.2764423076923077 0.16105769230769232 0.03485576923076923 0.07932692307692307
3 0.34615384615384615 0.16466346153846154 0.026442307692307692 0.06370192307692307
11 0.75 0.17427884615384615 0.036057692307692304 0.078125
9 0.671875 0.1778846153846154 0.028846153846153848 0.0673076923076923
2 0.25721153846153844 0.203125 0.042067307692307696 0.1045673076923077
8 0.7680288461538461 0.21394230769230768 0.042067307692307696 0.10576923076923077
3 0.3329326923076923 0.22235576923076922 0.028846153846153848 0.06850961538461539
9 0.6826923076923077 0.23798076923076922 0.030048076923076924 0.07091346153846154
0 0.24519230769230768 0.2608173076923077 0.040865384615384616 0.1045673076923077
6 0.7800480769230769 0.2764423076923077 0.04447115384615385 0.1045673076923077
3 0.32211538461538464 0.28125 0.030048076923076924 0.07091346153846154
9 0.7043269230769231 0.29086538461538464 0.03125 0.07091346153846154
1 0.21394230769230768 0.30288461538461536 0.05889423076923077 0.15625
7 0.8076923076923077 0.32572115384615385 0.0673076923076923 0.15144230769230768