9 0.27884615384615385 0.34975961538461536 0.042067307692307696 0.0733173076923077
4 0.8088942307692307 0.375 0.07692307692307693 0.15985576923076922
10 0.18990384615384615 0.390625 0.0733173076923077 0.15865384615384615
9 0.4483173076923077 0.421875 0.05048076923076923 0.08052884615384616
2 0.8305288461538461 0.4699519230769231 0.06490384615384616 0.11658653846153846
3 0.7463942307692307 0.49759615384615385 0.052884615384615384 0.08774038461538461
9 0.44471153846153844 0.5036057692307693 0.05048076923076923 0.08774038461538461
0 0.8629807692307693 0.5925480769230769 0.07451923076923077 0.125
9 0.3581730769230769 0.6021634615384616 0.054086538461538464 0.09014423076923077
3 0.7439903846153846 0.6105769230769231 0.056490384615384616 0.10336538461538461
5 0.9122596153846154 0.7271634615384616 0.08052884615384616 0.11057692307692307
3 0.7848557692307693 0.7331730769230769 0.0625 0.10336538461538461
9 0.24519230769230768 0.7355769230769231 0.051682692307692304 0.09495192307692307
11 0.0985576923076923 0.7355769230769231 0.08052884615384616 0.11177884615384616
5 0.7331730769230769 0.15865384615384615 0.04326923076923077 0.09014423076923077
11 0.2439903846153846 0.15985576923076922 0.04326923076923077 0.09014423076923077
3 0.6682692307692307 0.1658653846153846 0.037259615384615384 0.078125
9 0.3173076923076923 0.17067307692307693 0.036057692307692304 0.078125
8 0.23557692307692307 0.21514423076923078 0.055288461538461536 0.12379807692307693
3 0.5985576923076923 0.21634615384615385 0.042067307692307696 0.07692307692307693
9 0.31971153846153844 0.22115384615384615 0.038461538461538464 0.06850961538461539
0 0.7668269230769231 0.2536057692307692 0.054086538461538464 0.11778846153846154
6 0.22355769230769232 0.26322115384615385 0.054086538461538464 0.11658653846153846
6 0.46033653846153844 0.2644230769230769 0.04567307692307692 0.11538461538461539
3 0.6983173076923077 0.2692307692307692 0.03485576923076923 0.07211538461538461
9 0.31490384615384615 0.2824519230769231 0.039663461538461536 0.078125
1 0.78125 0.28966346153846156 0.0673076923076923 0.15384615384615385
7 0.1971153846153846 0.31490384615384615 0.06850961538461539 0.15625
3 0.6754807692307693 0.3317307692307692 0.039663461538461536 0.0829326923076923