9 0.021634615384615384 0.4411057692307692 0.038461538461538464 0.10817307692307693
11 0.4411057692307692 0.44471153846153844 0.06490384615384616 0.1658653846153846
11 0.5300480769230769 0.046875 0.04447115384615385 0.09254807692307693
0 0.16826923076923078 0.04807692307692308 0.04567307692307692 0.09495192307692307
5 0.21754807692307693 0.056490384615384616 0.04567307692307692 0.11177884615384616
7 0.13822115384615385 0.6117788461538461 0.11778846153846154 0.22115384615384615
2 0.3245192307692308 0.06370192307692307 0.04807692307692308 0.11538461538461539
8 0.25841346153846156 0.0733173076923077 0.052884615384615384 0.09735576923076923
5 0.052884615384615384 0.09975961538461539 0.0625 0.1201923076923077
9 0.15504807692307693 0.12860576923076922 0.04927884615384615 0.09615384615384616
9 0.025240384615384616 0.20432692307692307 0.04927884615384615 0.0985576923076923
3 0.08533653846153846 0.21153846153846154 0.055288461538461536 0.09975961538461539
10 0.7668269230769231 0.21634615384615385 0.0829326923076923 0.17307692307692307
3 0.04807692307692308 0.31490384615384615 0.0625 0.1045673076923077
1 0.6165865384615384 0.3317307692307692 0.07572115384615384 0.2127403846153846