11 0.546875 0.3545673076923077 0.06370192307692307 0.15745192307692307
9 0.9783653846153846 0.4387019230769231 0.038461538461538464 0.10817307692307693
11 0.47115384615384615 0.04567307692307692 0.046875 0.09014423076923077
0 0.8317307692307693 0.04807692307692308 0.04807692307692308 0.09615384615384616
7 0.7415865384615384 0.5108173076923077 0.0985576923076923 0.21754807692307693
5 0.7824519230769231 0.056490384615384616 0.04807692307692308 0.11177884615384616
2 0.6754807692307693 0.06129807692307692 0.04807692307692308 0.11778846153846154
8 0.7415865384615384 0.07211538461538461 0.054086538461538464 0.09735576923076923
5 0.9471153846153846 0.0985576923076923 0.06370192307692307 0.12259615384615384
9 0.8449519230769231 0.12620192307692307 0.04927884615384615 0.09254807692307693
9 0.9747596153846154 0.20192307692307693 0.04567307692307692 0.10096153846153846
3 0.9158653846153846 0.21033653846153846 0.055288461538461536 0.0985576923076923
10 0.5444711538461539 0.21514423076923078 0.06490384615384616 0.171875
1 0.38822115384615385 0.26322115384615385 0.07211538461538461 0.20673076923076922
3 0.953125 0.3137019230769231 0.06129807692307692 0.10336538461538461