9 0.9615384615384616 0.3713942307692308 0.056490384615384616 0.08653846153846154
7 0.7271634615384616 0.3870192307692308 0.07211538461538461 0.16706730769230768
6 0.2920673076923077 0.39302884615384615 0.052884615384615384 0.1201923076923077
3 0.45552884615384615 0.4110576923076923 0.04927884615384615 0.09254807692307693
9 0.5372596153846154 0.4182692307692308 0.04927884615384615 0.09495192307692307
1 0.16466346153846154 0.4567307692307692 0.08173076923076923 0.17427884615384615
8 0.3401442307692308 0.5793269230769231 0.06490384615384616 0.13341346153846154
9 0.6454326923076923 0.5997596153846154 0.05889423076923077 0.10336538461538461
3 0.2536057692307692 0.6057692307692307 0.06009615384615385 0.10336538461538461
9 0.7728365384615384 0.7319711538461539 0.06610576923076923 0.109375
3 0.20673076923076922 0.7331730769230769 0.0673076923076923 0.11177884615384616
2 0.90625 0.7463942307692307 0.09615384615384616 0.13581730769230768
5 0.2608173076923077 0.14543269230769232 0.04927884615384615 0.10697115384615384
11 0.7463942307692307 0.15264423076923078 0.04927884615384615 0.1045673076923077
3 0.34134615384615385 0.15865384615384615 0.038461538461538464 0.078125
9 0.6730769230769231 0.16466346153846154 0.039663461538461536 0.07932692307692307
0 0.9278846153846154 0.18870192307692307 0.056490384615384616 0.10216346153846154
8 0.46033653846153844 0.19951923076923078 0.04326923076923077 0.10817307692307693
0 0.5516826923076923 0.20432692307692307 0.040865384615384616 0.1045673076923077
9 0.9783653846153846 0.22596153846153846 0.042067307692307696 0.07932692307692307
9 0.5396634615384616 0.2668269230769231 0.04326923076923077 0.08533653846153846
3 0.31009615384615385 0.26802884615384615 0.04326923076923077 0.08653846153846154
11 0.9783653846153846 0.2860576923076923 0.042067307692307696 0.10817307692307693
3 0.3701923076923077 0.33052884615384615 0.04567307692307692 0.09134615384615384