4 0.21875 0.3473557692307692 0.0889423076923077 0.18389423076923078
10 0.8100961538461539 0.34975961538461536 0.09375 0.17908653846153846
3 0.3125 0.3762019230769231 0.06129807692307692 0.1141826923076923
9 0.7067307692307693 0.38461538461538464 0.06129807692307692 0.11177884615384616
0 0.20552884615384615 0.4362980769230769 0.07091346153846154 0.15504807692307693
6 0.7992788461538461 0.4411057692307692 0.0733173076923077 0.15625
3 0.296875 0.4519230769230769 0.06490384615384616 0.12379807692307693
9 0.7127403846153846 0.4651442307692308 0.06610576923076923 0.1201923076923077
2 0.1875 0.5300480769230769 0.07572115384615384 0.15384615384615385
8 0.8257211538461539 0.5384615384615384 0.08173076923076923 0.15504807692307693
9 0.7295673076923077 0.5480769230769231 0.06971153846153846 0.12740384615384615
3 0.2764423076923077 0.5480769230769231 0.06971153846153846 0.12620192307692307
5 0.15985576923076922 0.6286057692307693 0.09615384615384616 0.17307692307692307
11 0.8557692307692307 0.6430288461538461 0.09975961538461539 0.17427884615384615
3 0.2620192307692308 0.6526442307692307 0.07572115384615384 0.13341346153846154
9 0.734375 0.6586538461538461 0.07451923076923077 0.13221153846153846
5 0.2704326923076923 0.125 0.05889423076923077 0.1346153846153846
11 0.7415865384615384 0.1310096153846154 0.0625 0.13581730769230768
3 0.3425480769230769 0.13581730769230768 0.05048076923076923 0.09975961538461539
9 0.6706730769230769 0.14543269230769232 0.04927884615384615 0.10216346153846154
2 0.2608173076923077 0.17668269230769232 0.055288461538461536 0.13221153846153846
8 0.7487980769230769 0.18509615384615385 0.056490384615384616 0.13341346153846154
3 0.33533653846153844 0.18990384615384615 0.052884615384615384 0.10336538461538461
9 0.6826923076923077 0.1935096153846154 0.054086538461538464 0.10216346153846154
0 0.24759615384615385 0.23798076923076922 0.05889423076923077 0.140625
6 0.7644230769230769 0.2403846153846154 0.0625 0.140625
3 0.31971153846153844 0.24879807692307693 0.054086538461538464 0.10697115384615384
9 0.6802884615384616 0.25721153846153844 0.055288461538461536 0.10576923076923077
1 0.22956730769230768 0.2608173076923077 0.08173076923076923 0.19831730769230768
7 0.7860576923076923 0.26802884615384615 0.08653846153846154 0.20673076923076922
3 0.3137019230769231 0.3076923076923077 0.057692307692307696 0.109375
9 0.6862980769230769 0.3137019230769231 0.06009615384615385 0.11057692307692307