8 0.6129807692307693 0.3701923076923077 0.06490384615384616 0.15384615384615385
9 0.4495192307692308 0.38100961538461536 0.06009615384615385 0.11778846153846154
1 0.7992788461538461 0.40625 0.09615384615384616 0.21754807692307693
11 0.53125 0.046875 0.04326923076923077 0.09375
0 0.16947115384615385 0.04927884615384615 0.05048076923076923 0.0985576923076923
9 0.25961538461538464 0.5444711538461539 0.06971153846153846 0.12379807692307693
5 0.21754807692307693 0.057692307692307696 0.05048076923076923 0.11538461538461539
4 0.4519230769230769 0.06009615384615385 0.052884615384615384 0.11899038461538461
5 0.8209134615384616 0.6237980769230769 0.09495192307692307 0.17307692307692307
9 0.25721153846153844 0.6514423076923077 0.0733173076923077 0.13341346153846154
3 0.7367788461538461 0.6514423076923077 0.07692307692307693 0.1346153846153846
3 0.5925480769230769 0.13581730769230768 0.051682692307692304 0.10336538461538461
9 0.3329326923076923 0.14302884615384615 0.05048076923076923 0.10336538461538461
7 0.24639423076923078 0.15745192307692307 0.07572115384615384 0.1935096153846154
9 0.026442307692307692 0.20432692307692307 0.04807692307692308 0.10096153846153846
9 0.026442307692307692 0.20432692307692307 0.04807692307692308 0.10576923076923077
10 0.7572115384615384 0.21153846153846154 0.07932692307692307 0.17548076923076922
3 0.08653846153846154 0.2127403846153846 0.054086538461538464 0.0985576923076923
2 0.6682692307692307 0.22596153846153846 0.06009615384615385 0.14182692307692307
11 0.23677884615384615 0.23798076923076922 0.06850961538461539 0.14543269230769232
9 0.6057692307692307 0.24879807692307693 0.056490384615384616 0.11057692307692307
9 0.5192307692307693 0.25240384615384615 0.055288461538461536 0.11177884615384616
9 0.3737980769230769 0.31009615384615385 0.057692307692307696 0.11298076923076923
3 0.04927884615384615 0.3161057692307692 0.06129807692307692 0.1045673076923077