10 0.1971153846153846 0.35096153846153844 0.09134615384615384 0.1875
3 0.6213942307692307 0.3737980769230769 0.06129807692307692 0.11778846153846154
4 0.5396634615384616 0.42427884615384615 0.08052884615384616 0.18990384615384615
0 0.7944711538461539 0.4362980769230769 0.0733173076923077 0.15745192307692307
9 0.3629807692307692 0.45552884615384615 0.06370192307692307 0.11658653846153846
2 0.8173076923076923 0.53125 0.08653846153846154 0.16466346153846154
8 0.3629807692307692 0.5396634615384616 0.07692307692307693 0.1622596153846154
8 0.1658653846153846 0.5396634615384616 0.09134615384615384 0.16105769230769232
3 0.7091346153846154 0.5420673076923077 0.06850961538461539 0.12620192307692307
9 0.25961538461538464 0.5456730769230769 0.07091346153846154 0.12379807692307693
5 0.8221153846153846 0.6237980769230769 0.09495192307692307 0.171875
11 0.15504807692307693 0.6502403846153846 0.09975961538461539 0.17548076923076922
3 0.7367788461538461 0.6514423076923077 0.07572115384615384 0.13581730769230768
9 0.25721153846153844 0.6526442307692307 0.0733173076923077 0.1310096153846154
5 0.7223557692307693 0.12259615384615384 0.06009615384615385 0.13822115384615385
11 0.25721153846153844 0.13221153846153846 0.0625 0.13581730769230768
3 0.6550480769230769 0.13822115384615385 0.05048076923076923 0.1045673076923077
9 0.3317307692307692 0.14423076923076922 0.051682692307692304 0.10216346153846154
2 0.7271634615384616 0.17548076923076922 0.0625 0.140625
6 0.39302884615384615 0.1814903846153846 0.056490384615384616 0.13942307692307693
3 0.5228365384615384 0.18990384615384615 0.054086538461538464 0.10817307692307693
9 0.31971153846153844 0.19471153846153846 0.055288461538461536 0.10336538461538461
6 0.2439903846153846 0.23197115384615385 0.06009615384615385 0.140625
0 0.75 0.23798076923076922 0.06370192307692307 0.14182692307692307
3 0.6057692307692307 0.24879807692307693 0.056490384615384616 0.11177884615384616
9 0.31971153846153844 0.25721153846153844 0.05889423076923077 0.11057692307692307
1 0.7632211538461539 0.265625 0.08533653846153846 0.2091346153846154
7 0.21514423076923078 0.2692307692307692 0.08653846153846154 0.20793269230769232
9 0.29447115384615385 0.3112980769230769 0.0625 0.1141826923076923