4 0.8016826923076923 0.2764423076923077 0.07932692307692307 0.17067307692307693
1 0.8088942307692307 0.35216346153846156 0.07932692307692307 0.1971153846153846
5 0.8689903846153846 0.7259615384615384 0.07932692307692307 0.13701923076923078
5 0.7524038461538461 0.04807692307692308 0.04807692307692308 0.09615384615384616
0 0.7704326923076923 0.18870192307692307 0.05048076923076923 0.13942307692307693
0 0.734375 0.6021634615384616 0.06490384615384616 0.13942307692307693
3 0.6706730769230769 0.042067307692307696 0.04567307692307692 0.08413461538461539
3 0.6911057692307693 0.20552884615384615 0.04326923076923077 0.10096153846153846
3 0.6766826923076923 0.11899038461538461 0.04326923076923077 0.0985576923076923
3 0.7331730769230769 0.49038461538461536 0.055288461538461536 0.0985576923076923
3 0.7163461538461539 0.38221153846153844 0.04807692307692308 0.10576923076923077
3 0.6694711538461539 0.7283653846153846 0.052884615384615384 0.10817307692307693
3 0.640625 0.6033653846153846 0.055288461538461536 0.11298076923076923
3 0.5288461538461539 0.27524038461538464 0.04807692307692308 0.10336538461538461
2 0.5985576923076923 0.10336538461538461 0.055288461538461536 0.12980769230769232
2 0.45552884615384615 0.36538461538461536 0.06009615384615385 0.1466346153846154
10 0.19110576923076922 0.2439903846153846 0.0673076923076923 0.17307692307692307
7 0.1778846153846154 0.3317307692307692 0.06971153846153846 0.19230769230769232
6 0.19591346153846154 0.16947115384615385 0.052884615384615384 0.13701923076923078
6 0.16706730769230768 0.4639423076923077 0.06009615384615385 0.1346153846153846
8 0.3701923076923077 0.171875 0.052884615384615384 0.1466346153846154
8 0.17427884615384615 0.5793269230769231 0.07211538461538461 0.14423076923076922
11 0.2692307692307692 0.7223557692307693 0.06490384615384616 0.13942307692307693
11 0.20673076923076922 0.03485576923076923 0.04567307692307692 0.06971153846153846
9 0.2860576923076923 0.03485576923076923 0.038461538461538464 0.06971153846153846
9 0.28725961538461536 0.10336538461538461 0.040865384615384616 0.09134615384615384
9 0.2860576923076923 0.1935096153846154 0.040865384615384616 0.09375
9 0.2824519230769231 0.2776442307692308 0.04567307692307692 0.10096153846153846
9 0.28365384615384615 0.38100961538461536 0.05048076923076923 0.10096153846153846
9 0.27524038461538464 0.4855769230769231 0.05048076923076923 0.10336538461538461
9 0.2764423076923077 0.5913461538461539 0.052884615384615384 0.10817307692307693
9 0.46875 0.7199519230769231 0.055288461538461536 0.11538461538461539