10 0.8040865384615384 0.34975961538461536 0.09014423076923077 0.18509615384615385
3 0.3786057692307692 0.3737980769230769 0.06009615384615385 0.11778846153846154
0 0.20552884615384615 0.43509615384615385 0.07091346153846154 0.15504807692307693
6 0.8161057692307693 0.4411057692307692 0.07692307692307693 0.15625
9 0.6358173076923077 0.45913461538461536 0.06850961538461539 0.12259615384615384
2 0.18028846153846154 0.53125 0.08653846153846154 0.15384615384615385
3 0.28966346153846156 0.5420673076923077 0.06850961538461539 0.12379807692307693
9 0.7391826923076923 0.5432692307692307 0.07091346153846154 0.12620192307692307
8 0.8257211538461539 0.5504807692307693 0.09134615384615384 0.1622596153846154
4 0.44471153846153844 0.6225961538461539 0.09254807692307693 0.20793269230769232
5 0.1778846153846154 0.6225961538461539 0.09615384615384616 0.17548076923076922
11 0.8473557692307693 0.6490384615384616 0.10096153846153846 0.18028846153846154
3 0.26322115384615385 0.6526442307692307 0.07692307692307693 0.13221153846153846
9 0.7415865384615384 0.6550480769230769 0.07572115384615384 0.1346153846153846
5 0.27884615384615385 0.12259615384615384 0.06009615384615385 0.13221153846153846
11 0.7439903846153846 0.12740384615384615 0.06370192307692307 0.13341346153846154
3 0.3425480769230769 0.13701923076923078 0.05048076923076923 0.10216346153846154
9 0.6730769230769231 0.140625 0.051682692307692304 0.0985576923076923
2 0.2692307692307692 0.17427884615384615 0.05889423076923077 0.13221153846153846
6 0.47475961538461536 0.18028846153846154 0.055288461538461536 0.14302884615384615
3 0.3425480769230769 0.1875 0.055288461538461536 0.10576923076923077
9 0.6790865384615384 0.18990384615384615 0.04927884615384615 0.09975961538461539
6 0.7560096153846154 0.23197115384615385 0.057692307692307696 0.14423076923076922
0 0.25 0.23557692307692307 0.06129807692307692 0.14182692307692307
8 0.6141826923076923 0.24278846153846154 0.06490384615384616 0.14543269230769232
3 0.33413461538461536 0.24759615384615385 0.054086538461538464 0.109375
9 0.6790865384615384 0.2548076923076923 0.054086538461538464 0.10817307692307693
1 0.23677884615384615 0.265625 0.08173076923076923 0.203125
7 0.7860576923076923 0.2692307692307692 0.08653846153846154 0.203125
9 0.7043269230769231 0.3112980769230769 0.05889423076923077 0.1201923076923077