9 0.7175480769230769 0.3473557692307692 0.03365384615384615 0.07211538461538461
9 0.9182692307692307 0.34975961538461536 0.042067307692307696 0.0733173076923077
10 0.6466346153846154 0.4014423076923077 0.05889423076923077 0.14903846153846154
6 0.4579326923076923 0.4110576923076923 0.04567307692307692 0.11899038461538461
9 0.5540865384615384 0.5024038461538461 0.039663461538461536 0.08774038461538461
3 0.44711538461538464 0.5096153846153846 0.038461538461538464 0.08173076923076923
11 0.8401442307692307 0.5096153846153846 0.05889423076923077 0.0985576923076923
9 0.4495192307692308 0.5985576923076923 0.042067307692307696 0.08653846153846154
3 0.3545673076923077 0.6021634615384616 0.040865384615384616 0.08413461538461539
9 0.5661057692307693 0.7235576923076923 0.04447115384615385 0.09254807692307693
3 0.21754807692307693 0.734375 0.054086538461538464 0.09014423076923077
0 0.6706730769230769 0.1502403846153846 0.036057692307692304 0.09975961538461539
3 0.33413461538461536 0.16826923076923078 0.026442307692307692 0.06610576923076923
3 0.4014423076923077 0.21754807692307693 0.028846153846153848 0.06850961538461539
11 0.7548076923076923 0.21875 0.038461538461538464 0.0829326923076923
7 0.6923076923076923 0.24759615384615385 0.051682692307692304 0.1502403846153846
5 0.23798076923076922 0.26322115384615385 0.038461538461538464 0.08774038461538461
1 0.2776442307692308 0.31490384615384615 0.05889423076923077 0.15865384615384615
9 0.9471153846153846 0.328125 0.04326923076923077 0.07211538461538461