9 0.71875 0.3485576923076923 0.03485576923076923 0.07211538461538461
4 0.18990384615384615 0.375 0.06850961538461539 0.14543269230769232
10 0.8064903846153846 0.39302884615384615 0.06971153846153846 0.1466346153846154
9 0.5516826923076923 0.4230769230769231 0.036057692307692304 0.07932692307692307
8 0.36538461538461536 0.4831730769230769 0.05048076923076923 0.125
3 0.2548076923076923 0.49759615384615385 0.042067307692307696 0.08052884615384616
9 0.5528846153846154 0.5024038461538461 0.039663461538461536 0.08413461538461539
0 0.13822115384615385 0.59375 0.06610576923076923 0.12139423076923077
9 0.6394230769230769 0.6009615384615384 0.042067307692307696 0.08533653846153846
3 0.2548076923076923 0.609375 0.046875 0.08413461538461539
5 0.0829326923076923 0.7271634615384616 0.07451923076923077 0.10697115384615384
3 0.21514423076923078 0.7331730769230769 0.052884615384615384 0.09014423076923077
9 0.7524038461538461 0.7331730769230769 0.052884615384615384 0.09014423076923077
11 0.9002403846153846 0.7403846153846154 0.0733173076923077 0.10817307692307693
0 0.5288461538461539 0.08413461538461539 0.028846153846153848 0.09134615384615384
6 0.39783653846153844 0.1466346153846154 0.03365384615384615 0.09615384615384616
6 0.6201923076923077 0.15745192307692307 0.036057692307692304 0.10096153846153846
11 0.7548076923076923 0.16105769230769232 0.037259615384615384 0.07932692307692307
5 0.2692307692307692 0.16105769230769232 0.037259615384615384 0.08052884615384616
3 0.3329326923076923 0.16826923076923078 0.028846153846153848 0.06610576923076923
9 0.6790865384615384 0.17067307692307693 0.028846153846153848 0.06850961538461539
3 0.4014423076923077 0.21514423076923078 0.027644230769230768 0.0673076923076923
9 0.6045673076923077 0.22115384615384615 0.028846153846153848 0.06850961538461539
2 0.6995192307692307 0.2668269230769231 0.04807692307692308 0.1045673076923077
3 0.3016826923076923 0.27283653846153844 0.03125 0.06850961538461539
9 0.9507211538461539 0.29086538461538464 0.042067307692307696 0.06971153846153846
1 0.21995192307692307 0.2956730769230769 0.06370192307692307 0.15504807692307693
7 0.8004807692307693 0.31850961538461536 0.0673076923076923 0.15264423076923078
3 0.3233173076923077 0.3293269230769231 0.03365384615384615 0.0733173076923077