9 0.021634615384615384 0.43990384615384615 0.042067307692307696 0.10576923076923077
11 0.4411057692307692 0.44591346153846156 0.06490384615384616 0.1622596153846154
11 0.53125 0.046875 0.04567307692307692 0.09375
0 0.16947115384615385 0.04927884615384615 0.046875 0.09735576923076923
5 0.21754807692307693 0.057692307692307696 0.046875 0.1141826923076923
7 0.13822115384615385 0.6129807692307693 0.1201923076923077 0.2247596153846154
2 0.3245192307692308 0.06490384615384616 0.04567307692307692 0.11298076923076923
2 0.25961538461538464 0.07451923076923077 0.052884615384615384 0.09735576923076923
5 0.054086538461538464 0.10096153846153846 0.06370192307692307 0.1201923076923077
9 0.15745192307692307 0.12860576923076922 0.04927884615384615 0.09375
9 0.025240384615384616 0.20432692307692307 0.04927884615384615 0.0985576923076923
3 0.08533653846153846 0.2127403846153846 0.055288461538461536 0.0985576923076923
10 0.4567307692307692 0.22115384615384615 0.06490384615384616 0.171875
3 0.04807692307692308 0.3161057692307692 0.06129807692307692 0.10336538461538461
1 0.6165865384615384 0.3329326923076923 0.07692307692307693 0.21394230769230768