9 0.042067307692307696 0.3737980769230769 0.06129807692307692 0.08653846153846154
9 0.625 0.40865384615384615 0.04927884615384615 0.08774038461538461
3 0.03365384615384615 0.4543269230769231 0.0625 0.08533653846153846
11 0.8209134615384616 0.47115384615384615 0.078125 0.1346153846153846
1 0.6322115384615384 0.47836538461538464 0.07211538461538461 0.17668269230769232
9 0.02403846153846154 0.5048076923076923 0.04326923076923077 0.10096153846153846
7 0.32572115384615385 0.5661057692307693 0.08533653846153846 0.17548076923076922
3 0.4411057692307692 0.5961538461538461 0.051682692307692304 0.10336538461538461
8 0.6730769230769231 0.14543269230769232 0.04807692307692308 0.10817307692307693
9 0.021634615384615384 0.16466346153846154 0.042067307692307696 0.08052884615384616
9 0.3269230769230769 0.16706730769230768 0.04447115384615385 0.0829326923076923
0 0.07211538461538461 0.18629807692307693 0.057692307692307696 0.08653846153846154
9 0.020432692307692308 0.22956730769230768 0.039663461538461536 0.078125
5 0.0829326923076923 0.23317307692307693 0.07091346153846154 0.11298076923076923
5 0.06610576923076923 0.27283653846153844 0.06610576923076923 0.10817307692307693
3 0.0625 0.328125 0.05048076923076923 0.08653846153846154