3 0.6935096153846154 0.3389423076923077 0.03365384615384615 0.07572115384615384
9 0.3088942307692308 0.34134615384615385 0.03245192307692308 0.07211538461538461
4 0.8100961538461539 0.38221153846153844 0.0673076923076923 0.1466346153846154
10 0.19831730769230768 0.39302884615384615 0.07211538461538461 0.14783653846153846
3 0.5504807692307693 0.4098557692307692 0.036057692307692304 0.078125
9 0.4495192307692308 0.4230769230769231 0.03485576923076923 0.078125
2 0.8257211538461539 0.48197115384615385 0.052884615384615384 0.11658653846153846
9 0.2692307692307692 0.5084134615384616 0.04326923076923077 0.08413461538461539
3 0.7319711538461539 0.5096153846153846 0.042067307692307696 0.0829326923076923
6 0.16706730769230768 0.5132211538461539 0.05889423076923077 0.11778846153846154
0 0.8713942307692307 0.5793269230769231 0.06490384615384616 0.1201923076923077
8 0.140625 0.5997596153846154 0.06610576923076923 0.11899038461538461
3 0.7560096153846154 0.6033653846153846 0.046875 0.08413461538461539
9 0.24519230769230768 0.6189903846153846 0.04567307692307692 0.08413461538461539
5 0.8930288461538461 0.6947115384615384 0.07091346153846154 0.10576923076923077
3 0.7692307692307693 0.7211538461538461 0.051682692307692304 0.08774038461538461
11 0.11057692307692307 0.7223557692307693 0.07211538461538461 0.10697115384615384
9 0.22235576923076922 0.7307692307692307 0.051682692307692304 0.0889423076923077
5 0.7295673076923077 0.15264423076923078 0.036057692307692304 0.08052884615384616
11 0.24519230769230768 0.15865384615384615 0.037259615384615384 0.078125
3 0.65625 0.16346153846153846 0.026442307692307692 0.06490384615384616
9 0.33052884615384615 0.16947115384615385 0.030048076923076924 0.06610576923076923
2 0.7427884615384616 0.19831730769230768 0.037259615384615384 0.10216346153846154
8 0.23798076923076922 0.21153846153846154 0.040865384615384616 0.10697115384615384
3 0.6766826923076923 0.21995192307692307 0.028846153846153848 0.06850961538461539
9 0.3088942307692308 0.2247596153846154 0.030048076923076924 0.06610576923076923
0 0.7632211538461539 0.2548076923076923 0.042067307692307696 0.10697115384615384
3 0.6887019230769231 0.27283653846153844 0.03125 0.06971153846153846
6 0.22716346153846154 0.27403846153846156 0.04447115384615385 0.10817307692307693
9 0.3112980769230769 0.2824519230769231 0.03125 0.07091346153846154
1 0.7908653846153846 0.29927884615384615 0.05889423076923077 0.15625
7 0.20552884615384615 0.3161057692307692 0.06610576923076923 0.15144230769230768