10 0.19591346153846154 0.35096153846153844 0.0889423076923077 0.1814903846153846
3 0.6213942307692307 0.37259615384615385 0.06009615384615385 0.11778846153846154
0 0.7944711538461539 0.4375 0.07211538461538461 0.15504807692307693
9 0.3641826923076923 0.4579326923076923 0.06370192307692307 0.12379807692307693
2 0.8185096153846154 0.5324519230769231 0.08653846153846154 0.16346153846153846
3 0.7103365384615384 0.5420673076923077 0.06850961538461539 0.12379807692307693
9 0.25961538461538464 0.5420673076923077 0.07091346153846154 0.12379807692307693
8 0.17307692307692307 0.5480769230769231 0.0889423076923077 0.16105769230769232
4 0.5564903846153846 0.6213942307692307 0.09134615384615384 0.20673076923076922
5 0.8221153846153846 0.625 0.09615384615384616 0.17548076923076922
11 0.15504807692307693 0.6514423076923077 0.0985576923076923 0.17427884615384615
9 0.25721153846153844 0.6514423076923077 0.07211538461538461 0.1346153846153846
3 0.7379807692307693 0.6526442307692307 0.07451923076923077 0.13341346153846154
5 0.7223557692307693 0.12379807692307693 0.05889423076923077 0.13581730769230768
6 0.46274038461538464 0.12620192307692307 0.051682692307692304 0.1346153846153846
11 0.25721153846153844 0.12860576923076922 0.06129807692307692 0.13581730769230768
3 0.65625 0.13942307692307693 0.05048076923076923 0.10336538461538461
9 0.3269230769230769 0.140625 0.052884615384615384 0.09975961538461539
2 0.7283653846153846 0.17548076923076922 0.06129807692307692 0.13942307692307693
3 0.65625 0.18990384615384615 0.051682692307692304 0.10697115384615384
9 0.32211538461538464 0.19230769230769232 0.052884615384615384 0.10096153846153846
6 0.24519230769230768 0.23197115384615385 0.06009615384615385 0.140625
0 0.7512019230769231 0.23798076923076922 0.057692307692307696 0.13822115384615385
8 0.3858173076923077 0.23918269230769232 0.06129807692307692 0.14182692307692307
3 0.6045673076923077 0.25 0.055288461538461536 0.11177884615384616
9 0.3233173076923077 0.25721153846153844 0.054086538461538464 0.109375
1 0.7644230769230769 0.265625 0.08533653846153846 0.20552884615384615
7 0.21634615384615385 0.2692307692307692 0.08653846153846154 0.20432692307692307
9 0.2956730769230769 0.3137019230769231 0.06009615384615385 0.1141826923076923