6 0.4206730769230769 0.3545673076923077 0.038461538461538464 0.09735576923076923
9 0.6418269230769231 0.3713942307692308 0.03245192307692308 0.0673076923076923
11 0.7992788461538461 0.37259615384615385 0.04567307692307692 0.07932692307692307
3 0.23918269230769232 0.37740384615384615 0.03365384615384615 0.06610576923076923
9 0.7151442307692307 0.38341346153846156 0.03365384615384615 0.0673076923076923
2 0.3245192307692308 0.4182692307692308 0.03485576923076923 0.09615384615384616
9 0.40024038461538464 0.43509615384615385 0.03125 0.07091346153846154
9 0.8125 0.47475961538461536 0.04326923076923077 0.06971153846153846
4 0.31850961538461536 0.49278846153846156 0.052884615384615384 0.12860576923076922
8 0.21634615384615385 0.5012019230769231 0.051682692307692304 0.1045673076923077
2 0.4963942307692308 0.5228365384615384 0.039663461538461536 0.09975961538461539
0 0.7451923076923077 0.5324519230769231 0.05048076923076923 0.09735576923076923
0 0.8317307692307693 0.5420673076923077 0.056490384615384616 0.09495192307692307
11 0.5841346153846154 0.6310096153846154 0.042067307692307696 0.08774038461538461
10 0.38221153846153844 0.7259615384615384 0.057692307692307696 0.13221153846153846
5 0.7692307692307693 0.7307692307692307 0.056490384615384616 0.09014423076923077
3 0.49278846153846156 0.18389423076923078 0.026442307692307692 0.0625
3 0.7403846153846154 0.19230769230769232 0.030048076923076924 0.06009615384615385
5 0.2776442307692308 0.21995192307692307 0.03365384615384615 0.07692307692307693
3 0.625 0.23317307692307693 0.027644230769230768 0.0625
3 0.5456730769230769 0.23798076923076922 0.019230769230769232 0.06009615384615385
1 0.5540865384615384 0.265625 0.040865384615384616 0.13221153846153846
8 0.27163461538461536 0.2692307692307692 0.042067307692307696 0.10096153846153846
7 0.7728365384615384 0.2764423076923077 0.06009615384615385 0.12860576923076922
9 0.3557692307692308 0.2920673076923077 0.030048076923076924 0.06610576923076923
3 0.484375 0.29447115384615385 0.028846153846153848 0.06490384615384616