9 0.5576923076923077 0.3870192307692308 0.06129807692307692 0.11778846153846154
8 0.8341346153846154 0.5396634615384616 0.09134615384615384 0.16105769230769232
3 0.29086538461538464 0.5420673076923077 0.06850961538461539 0.12620192307692307
9 0.7403846153846154 0.5456730769230769 0.07091346153846154 0.12379807692307693
10 0.6490384615384616 0.6177884615384616 0.09615384615384616 0.2091346153846154
5 0.17908653846153846 0.6225961538461539 0.09375 0.17548076923076922
11 0.8449519230769231 0.6502403846153846 0.09975961538461539 0.17548076923076922
3 0.26322115384615385 0.6514423076923077 0.07572115384615384 0.13581730769230768
9 0.7427884615384616 0.6526442307692307 0.0733173076923077 0.1310096153846154
7 0.7451923076923077 0.10697115384615384 0.0733173076923077 0.19230769230769232
5 0.2776442307692308 0.12259615384615384 0.06009615384615385 0.13822115384615385
3 0.3449519230769231 0.13822115384615385 0.05048076923076923 0.1045673076923077
9 0.6682692307692307 0.14423076923076922 0.051682692307692304 0.10216346153846154
2 0.27283653846153844 0.17548076923076922 0.0625 0.140625
9 0.9747596153846154 0.20552884615384615 0.04927884615384615 0.10096153846153846
3 0.9146634615384616 0.21394230769230768 0.056490384615384616 0.09975961538461539
11 0.6177884615384616 0.23798076923076922 0.05889423076923077 0.1466346153846154
0 0.25 0.23798076923076922 0.06370192307692307 0.14182692307692307
3 0.3942307692307692 0.24879807692307693 0.056490384615384616 0.11177884615384616
9 0.5408653846153846 0.25240384615384615 0.056490384615384616 0.109375
1 0.23677884615384615 0.265625 0.08533653846153846 0.2091346153846154
4 0.4567307692307692 0.28125 0.06850961538461539 0.1778846153846154
9 0.7055288461538461 0.3112980769230769 0.0625 0.1141826923076923