4 0.5793269230769231 0.35216346153846156 0.04326923076923077 0.125
0 0.2776442307692308 0.36538461538461536 0.04326923076923077 0.09495192307692307
3 0.44711538461538464 0.36899038461538464 0.03125 0.0673076923076923
11 0.20072115384615385 0.3713942307692308 0.04567307692307692 0.08052884615384616
3 0.7608173076923077 0.37740384615384615 0.03365384615384615 0.06490384615384616
10 0.5084134615384616 0.4254807692307692 0.04567307692307692 0.12620192307692307
6 0.6838942307692307 0.4266826923076923 0.039663461538461536 0.10216346153846154
9 0.3317307692307692 0.4375 0.03365384615384615 0.06610576923076923
6 0.2860576923076923 0.4567307692307692 0.04447115384615385 0.09615384615384616
9 0.18870192307692307 0.4735576923076923 0.04326923076923077 0.07091346153846154
7 0.3329326923076923 0.49278846153846156 0.057692307692307696 0.13701923076923078
8 0.7704326923076923 0.5012019230769231 0.05048076923076923 0.1045673076923077
0 0.1622596153846154 0.546875 0.05889423076923077 0.09615384615384616
9 0.5925480769230769 0.5492788461538461 0.03245192307692308 0.06850961538461539
8 0.78125 0.6165865384615384 0.05048076923076923 0.10096153846153846
9 0.5985576923076923 0.6322115384615384 0.03485576923076923 0.07211538461538461
9 0.3389423076923077 0.6322115384615384 0.037259615384615384 0.06971153846153846
11 0.41947115384615385 0.6346153846153846 0.042067307692307696 0.08653846153846154
2 0.4110576923076923 0.7103365384615384 0.04567307692307692 0.10697115384615384
9 0.24879807692307693 0.7548076923076923 0.04567307692307692 0.0733173076923077
9 0.7884615384615384 0.7740384615384616 0.04567307692307692 0.07572115384615384
3 0.2608173076923077 0.1935096153846154 0.03125 0.06129807692307692
5 0.7223557692307693 0.22115384615384615 0.03485576923076923 0.078125
3 0.6478365384615384 0.23076923076923078 0.026442307692307692 0.0625
3 0.515625 0.23317307692307693 0.026442307692307692 0.0625
5 0.3088942307692308 0.23798076923076922 0.037259615384615384 0.07932692307692307
3 0.43509615384615385 0.23798076923076922 0.027644230769230768 0.0625
2 0.5228365384615384 0.2800480769230769 0.03365384615384615 0.09615384615384616
1 0.21033653846153846 0.2860576923076923 0.057692307692307696 0.12980769230769232
9 0.6442307692307693 0.2920673076923077 0.028846153846153848 0.06490384615384616
3 0.43990384615384615 0.3016826923076923 0.028846153846153848 0.06490384615384616
3 0.2824519230769231 0.3112980769230769 0.03245192307692308 0.06610576923076923