9 0.39302884615384615 0.38461538461538464 0.06129807692307692 0.11778846153846154
11 0.8209134615384616 0.44591346153846156 0.0829326923076923 0.16105769230769232
0 0.8329326923076923 0.046875 0.04807692307692308 0.09375
11 0.46875 0.04807692307692308 0.04807692307692308 0.09615384615384616
10 0.18990384615384615 0.5144230769230769 0.10576923076923077 0.19951923076923078
9 0.6382211538461539 0.5516826923076923 0.0673076923076923 0.12620192307692307
5 0.7836538461538461 0.055288461538461536 0.046875 0.11057692307692307
4 0.546875 0.05889423076923077 0.051682692307692304 0.11778846153846154
9 0.7415865384615384 0.6514423076923077 0.0733173076923077 0.13221153846153846
2 0.6754807692307693 0.06490384615384616 0.046875 0.11057692307692307
3 0.26322115384615385 0.6538461538461539 0.07451923076923077 0.13221153846153846
8 0.7403846153846154 0.07692307692307693 0.052884615384615384 0.09495192307692307
5 0.9447115384615384 0.1045673076923077 0.06490384615384616 0.12259615384615384
9 0.6670673076923077 0.1466346153846154 0.05048076923076923 0.10216346153846154
3 0.5420673076923077 0.1502403846153846 0.05048076923076923 0.1045673076923077
7 0.7524038461538461 0.1622596153846154 0.07572115384615384 0.19591346153846154
9 0.9735576923076923 0.203125 0.04807692307692308 0.10336538461538461
3 0.9134615384615384 0.21394230769230768 0.054086538461538464 0.0985576923076923
3 0.3942307692307692 0.2512019230769231 0.054086538461538464 0.10817307692307693
9 0.4807692307692308 0.2536057692307692 0.052884615384615384 0.109375
1 0.3076923076923077 0.27403846153846156 0.07932692307692307 0.2091346153846154
3 0.9519230769230769 0.3161057692307692 0.0625 0.10576923076923077
9 0.5504807692307693 0.31850961538461536 0.057692307692307696 0.11298076923076923