3 0.6995192307692307 0.33653846153846156 0.036057692307692304 0.07211538461538461
0 0.29086538461538464 0.3894230769230769 0.04567307692307692 0.1141826923076923
4 0.5480769230769231 0.39302884615384615 0.04927884615384615 0.1466346153846154
8 0.4651442307692308 0.40024038461538464 0.042067307692307696 0.11658653846153846
9 0.8112980769230769 0.4206730769230769 0.04326923076923077 0.08173076923076923
2 0.3545673076923077 0.4831730769230769 0.04567307692307692 0.11658653846153846
11 0.5600961538461539 0.5048076923076923 0.042067307692307696 0.0985576923076923
3 0.8473557692307693 0.5072115384615384 0.04567307692307692 0.08533653846153846
1 0.7524038461538461 0.5516826923076923 0.07451923076923077 0.171875
5 0.44350961538461536 0.5961538461538461 0.04326923076923077 0.1045673076923077
3 0.2403846153846154 0.5985576923076923 0.04447115384615385 0.08413461538461539
3 0.5432692307692307 0.5997596153846154 0.038461538461538464 0.08653846153846154
3 0.2127403846153846 0.7091346153846154 0.051682692307692304 0.08653846153846154
6 0.640625 0.7091346153846154 0.056490384615384616 0.12740384615384615
0 0.44471153846153844 0.7223557692307693 0.054086538461538464 0.12379807692307693
9 0.8930288461538461 0.7271634615384616 0.05889423076923077 0.0889423076923077
3 0.7740384615384616 0.7524038461538461 0.054086538461538464 0.09134615384615384
6 0.4639423076923077 0.1502403846153846 0.03485576923076923 0.0985576923076923
3 0.27524038461538464 0.15865384615384615 0.030048076923076924 0.06850961538461539
9 0.39302884615384615 0.1622596153846154 0.03125 0.06370192307692307
9 0.5961538461538461 0.1658653846153846 0.028846153846153848 0.06610576923076923
11 0.6838942307692307 0.1658653846153846 0.036057692307692304 0.08052884615384616
7 0.3894230769230769 0.18269230769230768 0.040865384615384616 0.14182692307692307
8 0.7680288461538461 0.20673076923076922 0.046875 0.10817307692307693
9 0.47115384615384615 0.21875 0.028846153846153848 0.06610576923076923
9 0.5516826923076923 0.2247596153846154 0.026442307692307692 0.0673076923076923
5 0.23197115384615385 0.25600961538461536 0.040865384615384616 0.08533653846153846
2 0.38100961538461536 0.2620192307692308 0.036057692307692304 0.10817307692307693
3 0.46274038461538464 0.27283653846153844 0.030048076923076924 0.07451923076923077
9 0.6177884615384616 0.28365384615384615 0.030048076923076924 0.07211538461538461
9 0.7788461538461539 0.2860576923076923 0.036057692307692304 0.0733173076923077
10 0.5372596153846154 0.3137019230769231 0.04447115384615385 0.13942307692307693