11 0.453125 0.3545673076923077 0.06370192307692307 0.15745192307692307
9 0.021634615384615384 0.4387019230769231 0.038461538461538464 0.10817307692307693
11 0.5288461538461539 0.04567307692307692 0.046875 0.09014423076923077
0 0.16826923076923078 0.04807692307692308 0.04807692307692308 0.09615384615384616
7 0.25841346153846156 0.5108173076923077 0.0985576923076923 0.21754807692307693
5 0.21754807692307693 0.056490384615384616 0.04807692307692308 0.11177884615384616
2 0.3245192307692308 0.06129807692307692 0.04807692307692308 0.11778846153846154
8 0.25841346153846156 0.07211538461538461 0.054086538461538464 0.09735576923076923
5 0.052884615384615384 0.0985576923076923 0.06370192307692307 0.12259615384615384
9 0.15504807692307693 0.12620192307692307 0.04927884615384615 0.09254807692307693
9 0.025240384615384616 0.20192307692307693 0.04567307692307692 0.10096153846153846
3 0.08413461538461539 0.21033653846153846 0.055288461538461536 0.0985576923076923
10 0.45552884615384615 0.21514423076923078 0.06490384615384616 0.171875
1 0.6117788461538461 0.26322115384615385 0.07211538461538461 0.20673076923076922
3 0.046875 0.3137019230769231 0.06129807692307692 0.10336538461538461