9 0.5516826923076923 0.38221153846153844 0.0625 0.11778846153846154
1 0.19951923076923078 0.40865384615384615 0.10096153846153846 0.21995192307692307
8 0.6141826923076923 0.4519230769230769 0.0733173076923077 0.1622596153846154
9 0.7415865384615384 0.5384615384615384 0.07451923076923077 0.11658653846153846
3 0.3786057692307692 0.5492788461538461 0.06610576923076923 0.125
4 0.546875 0.057692307692307696 0.06009615384615385 0.11538461538461539
5 0.1778846153846154 0.6165865384615384 0.09735576923076923 0.17307692307692307
3 0.26322115384615385 0.6478365384615384 0.07451923076923077 0.12980769230769232
9 0.7439903846153846 0.6502403846153846 0.08052884615384616 0.13822115384615385
5 0.2764423076923077 0.11538461538461539 0.054086538461538464 0.1346153846153846
3 0.3449519230769231 0.13341346153846154 0.052884615384615384 0.09975961538461539
9 0.6670673076923077 0.1466346153846154 0.055288461538461536 0.10697115384615384
7 0.7560096153846154 0.15625 0.08052884615384616 0.19471153846153846
2 0.265625 0.16346153846153846 0.055288461538461536 0.11778846153846154
9 0.9747596153846154 0.20552884615384615 0.04567307692307692 0.11298076923076923
3 0.9170673076923077 0.21033653846153846 0.06009615384615385 0.09975961538461539
11 0.2548076923076923 0.2283653846153846 0.06370192307692307 0.15264423076923078
11 0.7644230769230769 0.23677884615384615 0.0733173076923077 0.1502403846153846
3 0.3942307692307692 0.24639423076923078 0.056490384615384616 0.10697115384615384
9 0.4795673076923077 0.25240384615384615 0.05889423076923077 0.11778846153846154
10 0.30649038461538464 0.2824519230769231 0.08413461538461539 0.1814903846153846
9 0.625 0.3076923076923077 0.06009615384615385 0.11177884615384616