0 0.7091346153846154 0.6117788461538461 0.052884615384615384 0.1346153846153846
9 0.44711538461538464 0.7331730769230769 0.05048076923076923 0.10576923076923077
4 0.7824519230769231 0.29447115384615385 0.06971153846153846 0.15625
1 0.7944711538461539 0.37259615384615385 0.06971153846153846 0.18990384615384615
0 0.7512019230769231 0.21153846153846154 0.04807692307692308 0.13221153846153846
5 0.8401442307692307 0.734375 0.07211538461538461 0.13221153846153846
5 0.7391826923076923 0.06490384615384616 0.05048076923076923 0.11538461538461539
2 0.4411057692307692 0.3942307692307692 0.05048076923076923 0.13701923076923078
2 0.5877403846153846 0.12980769230769232 0.04567307692307692 0.12740384615384615
3 0.6586538461538461 0.0625 0.04326923076923077 0.09134615384615384
3 0.6646634615384616 0.14302884615384615 0.038461538461538464 0.09375
3 0.6754807692307693 0.22596153846153846 0.04326923076923077 0.10096153846153846
3 0.6971153846153846 0.4014423076923077 0.04807692307692308 0.10096153846153846
3 0.7067307692307693 0.5048076923076923 0.04807692307692308 0.10096153846153846
3 0.6430288461538461 0.7415865384615384 0.052884615384615384 0.11298076923076923
3 0.6153846153846154 0.6153846153846154 0.05048076923076923 0.10576923076923077
3 0.5168269230769231 0.29927884615384615 0.04326923076923077 0.10096153846153846
10 0.18629807692307693 0.2776442307692308 0.06490384615384616 0.16826923076923078
7 0.17427884615384615 0.3641826923076923 0.07211538461538461 0.1875
6 0.19230769230769232 0.20192307692307693 0.05048076923076923 0.13221153846153846
6 0.15985576923076922 0.4879807692307692 0.057692307692307696 0.13701923076923078
11 0.25240384615384615 0.7427884615384616 0.0673076923076923 0.12980769230769232
11 0.20793269230769232 0.054086538461538464 0.05048076923076923 0.10817307692307693
8 0.3641826923076923 0.19831730769230768 0.05048076923076923 0.12980769230769232
8 0.1658653846153846 0.5997596153846154 0.0673076923076923 0.14423076923076922
9 0.4362980769230769 0.3004807692307692 0.04326923076923077 0.10096153846153846
9 0.42788461538461536 0.140625 0.04567307692307692 0.10096153846153846
9 0.2848557692307692 0.056490384615384616 0.040865384615384616 0.0985576923076923
9 0.28125 0.22355769230769232 0.04567307692307692 0.10096153846153846
9 0.27524038461538464 0.40865384615384615 0.04567307692307692 0.10336538461538461
9 0.265625 0.5108173076923077 0.04807692307692308 0.10096153846153846
9 0.26322115384615385 0.6141826923076923 0.05048076923076923 0.10576923076923077