9 0.040865384615384616 0.3713942307692308 0.055288461538461536 0.09014423076923077
10 0.8112980769230769 0.38100961538461536 0.07932692307692307 0.14903846153846154
8 0.5360576923076923 0.4014423076923077 0.051682692307692304 0.12379807692307693
3 0.03485576923076923 0.4543269230769231 0.06370192307692307 0.09375
11 0.7355769230769231 0.46634615384615385 0.06610576923076923 0.13221153846153846
9 0.02403846153846154 0.5036057692307693 0.04326923076923077 0.0985576923076923
7 0.44350961538461536 0.6682692307692307 0.06971153846153846 0.18269230769230768
1 0.7680288461538461 0.6766826923076923 0.0985576923076923 0.18389423076923078
9 0.5961538461538461 0.15865384615384615 0.039663461538461536 0.08173076923076923
9 0.021634615384615384 0.1658653846153846 0.042067307692307696 0.07692307692307693
0 0.07091346153846154 0.1875 0.052884615384615384 0.0985576923076923
9 0.021634615384615384 0.2247596153846154 0.042067307692307696 0.07572115384615384
5 0.08413461538461539 0.23317307692307693 0.05889423076923077 0.10576923076923077
0 0.06490384615384616 0.27403846153846156 0.06009615384615385 0.10697115384615384
3 0.06610576923076923 0.3233173076923077 0.05048076923076923 0.08413461538461539