9 0.7151442307692307 0.3485576923076923 0.04447115384615385 0.09014423076923077
9 0.9170673076923077 0.35216346153846156 0.040865384615384616 0.09014423076923077
0 0.375 0.40024038461538464 0.04927884615384615 0.12139423076923077
5 0.9627403846153846 0.40024038461538464 0.056490384615384616 0.0985576923076923
6 0.45913461538461536 0.40625 0.05048076923076923 0.125
9 0.5528846153846154 0.5024038461538461 0.04807692307692308 0.09134615384615384
3 0.4411057692307692 0.5120192307692307 0.04927884615384615 0.0829326923076923
1 0.13822115384615385 0.5588942307692307 0.10216346153846154 0.18389423076923078
9 0.44711538461538464 0.5973557692307693 0.037259615384615384 0.08533653846153846
3 0.4387019230769231 0.7391826923076923 0.054086538461538464 0.09495192307692307
3 0.21995192307692307 0.7391826923076923 0.06850961538461539 0.10817307692307693
3 0.4735576923076923 0.16466346153846154 0.03245192307692308 0.08052884615384616
7 0.6009615384615384 0.18509615384615385 0.04567307692307692 0.14302884615384615
3 0.40024038461538464 0.21995192307692307 0.03365384615384615 0.08052884615384616
11 0.3125 0.26802884615384615 0.038461538461538464 0.09615384615384616
10 0.37740384615384615 0.3112980769230769 0.054086538461538464 0.14302884615384615
9 0.9483173076923077 0.3293269230769231 0.04447115384615385 0.08774038461538461