9 0.6262019230769231 0.3485576923076923 0.056490384615384616 0.09375
10 0.8209134615384616 0.39783653846153844 0.08533653846153846 0.14783653846153846
3 0.4567307692307692 0.4098557692307692 0.06009615384615385 0.09615384615384616
9 0.5456730769230769 0.4170673076923077 0.06370192307692307 0.09495192307692307
3 0.2764423076923077 0.49158653846153844 0.05889423076923077 0.11057692307692307
9 0.7379807692307693 0.5072115384615384 0.06129807692307692 0.1045673076923077
2 0.5612980769230769 0.5877403846153846 0.06610576923076923 0.13942307692307693
8 0.44350961538461536 0.5949519230769231 0.06490384615384616 0.13341346153846154
9 0.6454326923076923 0.6021634615384616 0.06610576923076923 0.11298076923076923
3 0.2536057692307692 0.6153846153846154 0.06490384615384616 0.11177884615384616
5 0.09134615384615384 0.6814903846153846 0.09615384615384616 0.14302884615384615
11 0.8966346153846154 0.7271634615384616 0.0985576923076923 0.1502403846153846
3 0.2127403846153846 0.7319711538461539 0.0829326923076923 0.1201923076923077
9 0.7704326923076923 0.7379807692307693 0.07091346153846154 0.11538461538461539
0 0.4675480769230769 0.14543269230769232 0.046875 0.10697115384615384
5 0.25961538461538464 0.1466346153846154 0.04927884615384615 0.10697115384615384
11 0.7451923076923077 0.15384615384615385 0.046875 0.10817307692307693
3 0.34134615384615385 0.15745192307692307 0.04807692307692308 0.078125
9 0.6742788461538461 0.1658653846153846 0.04927884615384615 0.08774038461538461
3 0.3233173076923077 0.21033653846153846 0.04567307692307692 0.07692307692307693
8 0.765625 0.21033653846153846 0.057692307692307696 0.11538461538461539
9 0.46634615384615385 0.21514423076923078 0.04567307692307692 0.08653846153846154
0 0.23677884615384615 0.25240384615384615 0.055288461538461536 0.11778846153846154
4 0.3762019230769231 0.2536057692307692 0.06009615384615385 0.13942307692307693
3 0.3088942307692308 0.2644230769230769 0.055288461538461536 0.08173076923076923
9 0.5384615384615384 0.2668269230769231 0.04807692307692308 0.09014423076923077
6 0.7788461538461539 0.2704326923076923 0.06129807692307692 0.11057692307692307
7 0.7956730769230769 0.3076923076923077 0.08052884615384616 0.171875
1 0.20552884615384615 0.3076923076923077 0.07692307692307693 0.16826923076923078
3 0.36778846153846156 0.33052884615384615 0.06009615384615385 0.08653846153846154