10 0.8028846153846154 0.35216346153846156 0.09254807692307693 0.18629807692307693
6 0.3870192307692308 0.36177884615384615 0.06610576923076923 0.15625
0 0.20552884615384615 0.43509615384615385 0.0733173076923077 0.15745192307692307
9 0.6358173076923077 0.4519230769230769 0.06490384615384616 0.1141826923076923
2 0.18269230769230768 0.5324519230769231 0.0889423076923077 0.16346153846153846
8 0.6370192307692307 0.5396634615384616 0.07692307692307693 0.1622596153846154
3 0.2920673076923077 0.5420673076923077 0.07091346153846154 0.12980769230769232
9 0.7391826923076923 0.5432692307692307 0.06850961538461539 0.12740384615384615
8 0.8269230769230769 0.5504807692307693 0.0889423076923077 0.16346153846153846
5 0.17908653846153846 0.6225961538461539 0.09495192307692307 0.17307692307692307
11 0.8449519230769231 0.6490384615384616 0.09975961538461539 0.17427884615384615
3 0.2620192307692308 0.6502403846153846 0.07572115384615384 0.13581730769230768
9 0.7439903846153846 0.6514423076923077 0.0733173076923077 0.13581730769230768
5 0.2776442307692308 0.12259615384615384 0.057692307692307696 0.140625
11 0.7427884615384616 0.12740384615384615 0.06009615384615385 0.13341346153846154
3 0.3449519230769231 0.13822115384615385 0.051682692307692304 0.1045673076923077
9 0.671875 0.14302884615384615 0.05048076923076923 0.0985576923076923
2 0.27163461538461536 0.17548076923076922 0.0625 0.140625
3 0.47596153846153844 0.19110576923076922 0.054086538461538464 0.11177884615384616
9 0.6790865384615384 0.1935096153846154 0.054086538461538464 0.10336538461538461
6 0.7548076923076923 0.23197115384615385 0.06009615384615385 0.14182692307692307
0 0.24879807692307693 0.23918269230769232 0.06009615384615385 0.14302884615384615
3 0.3954326923076923 0.24879807692307693 0.056490384615384616 0.11057692307692307
9 0.6778846153846154 0.25721153846153844 0.055288461538461536 0.11298076923076923
1 0.23557692307692307 0.2644230769230769 0.08533653846153846 0.20673076923076922
7 0.7860576923076923 0.2692307692307692 0.08774038461538461 0.20793269230769232
4 0.47596153846153844 0.28966346153846156 0.07091346153846154 0.17908653846153846
9 0.7043269230769231 0.3112980769230769 0.06009615384615385 0.11298076923076923