10 0.6081730769230769 0.35697115384615385 0.07932692307692307 0.18389423076923078
2 0.6189903846153846 0.4411057692307692 0.06850961538461539 0.15745192307692307
9 0.3641826923076923 0.4579326923076923 0.06370192307692307 0.1201923076923077
8 0.16826923076923078 0.5396634615384616 0.0889423076923077 0.15745192307692307
3 0.7091346153846154 0.5420673076923077 0.0673076923076923 0.12620192307692307
9 0.2608173076923077 0.5456730769230769 0.06850961538461539 0.125
5 0.8221153846153846 0.6262019230769231 0.09495192307692307 0.171875
11 0.15504807692307693 0.6502403846153846 0.09735576923076923 0.17427884615384615
9 0.25721153846153844 0.6526442307692307 0.0733173076923077 0.13221153846153846
3 0.7379807692307693 0.6526442307692307 0.07451923076923077 0.13221153846153846
7 0.2536057692307692 0.10697115384615384 0.07091346153846154 0.19110576923076922
4 0.4026442307692308 0.1201923076923077 0.06129807692307692 0.15745192307692307
5 0.7223557692307693 0.12379807692307693 0.057692307692307696 0.13701923076923078
3 0.65625 0.13822115384615385 0.04927884615384615 0.10216346153846154
9 0.3293269230769231 0.140625 0.04447115384615385 0.09375
2 0.7283653846153846 0.17668269230769232 0.06129807692307692 0.13942307692307693
9 0.026442307692307692 0.20432692307692307 0.04807692307692308 0.10096153846153846
3 0.08533653846153846 0.2127403846153846 0.055288461538461536 0.09975961538461539
0 0.7512019230769231 0.23798076923076922 0.056490384615384616 0.13701923076923078
11 0.30649038461538464 0.23918269230769232 0.06370192307692307 0.14423076923076922
3 0.6033653846153846 0.25 0.052884615384615384 0.11177884615384616
9 0.4579326923076923 0.25240384615384615 0.055288461538461536 0.11177884615384616
1 0.7644230769230769 0.265625 0.0829326923076923 0.20673076923076922
6 0.027644230769230768 0.3016826923076923 0.05048076923076923 0.13701923076923078
9 0.2956730769230769 0.3125 0.057692307692307696 0.11177884615384616