9 0.4483173076923077 0.38221153846153844 0.0625 0.11778846153846154
1 0.8004807692307693 0.40865384615384615 0.10096153846153846 0.21995192307692307
8 0.3858173076923077 0.4519230769230769 0.0733173076923077 0.1622596153846154
9 0.25841346153846156 0.5384615384615384 0.07451923076923077 0.11658653846153846
3 0.6213942307692307 0.5492788461538461 0.06610576923076923 0.125
4 0.453125 0.057692307692307696 0.06009615384615385 0.11538461538461539
5 0.8221153846153846 0.6165865384615384 0.09735576923076923 0.17307692307692307
3 0.7367788461538461 0.6478365384615384 0.07451923076923077 0.12980769230769232
9 0.25600961538461536 0.6502403846153846 0.08052884615384616 0.13822115384615385
5 0.7235576923076923 0.11538461538461539 0.054086538461538464 0.1346153846153846
3 0.6550480769230769 0.13341346153846154 0.052884615384615384 0.09975961538461539
9 0.3329326923076923 0.1466346153846154 0.055288461538461536 0.10697115384615384
7 0.2439903846153846 0.15625 0.08052884615384616 0.19471153846153846
2 0.734375 0.16346153846153846 0.055288461538461536 0.11778846153846154
9 0.025240384615384616 0.20552884615384615 0.04567307692307692 0.11298076923076923
3 0.0829326923076923 0.21033653846153846 0.06009615384615385 0.09975961538461539
11 0.7451923076923077 0.2283653846153846 0.06370192307692307 0.15264423076923078
11 0.23557692307692307 0.23677884615384615 0.0733173076923077 0.1502403846153846
3 0.6057692307692307 0.24639423076923078 0.056490384615384616 0.10697115384615384
9 0.5204326923076923 0.25240384615384615 0.05889423076923077 0.11778846153846154
10 0.6935096153846154 0.2824519230769231 0.08413461538461539 0.1814903846153846
9 0.375 0.3076923076923077 0.06009615384615385 0.11177884615384616