9 0.3918269230769231 0.41346153846153844 0.03485576923076923 0.07932692307692307
5 0.9723557692307693 0.4723557692307692 0.054086538461538464 0.09495192307692307
1 0.8509615384615384 0.4735576923076923 0.0829326923076923 0.1622596153846154
2 0.4567307692307692 0.4987980769230769 0.04447115384615385 0.1201923076923077
11 0.8581730769230769 0.6021634615384616 0.0625 0.1045673076923077
2 0.44711538461538464 0.6021634615384616 0.04807692307692308 0.1201923076923077
3 0.33052884615384615 0.7355769230769231 0.046875 0.09014423076923077
9 0.5456730769230769 0.7403846153846154 0.04567307692307692 0.09014423076923077
6 0.34134615384615385 0.15144230769230768 0.036057692307692304 0.09975961538461539
3 0.5348557692307693 0.16466346153846154 0.027644230769230768 0.06610576923076923
9 0.7367788461538461 0.1814903846153846 0.03245192307692308 0.0673076923076923
0 0.2439903846153846 0.19591346153846154 0.038461538461538464 0.1045673076923077
8 0.39783653846153844 0.20673076923076922 0.036057692307692304 0.10817307692307693
9 0.6730769230769231 0.23798076923076922 0.03125 0.07091346153846154
11 0.6213942307692307 0.2764423076923077 0.036057692307692304 0.08653846153846154
9 0.4579326923076923 0.2800480769230769 0.028846153846153848 0.07211538461538461
7 0.21634615384615385 0.30649038461538464 0.06129807692307692 0.15625
6 0.3798076923076923 0.32572115384615385 0.042067307692307696 0.11057692307692307