4 0.2620192307692308 0.39783653846153844 0.07451923076923077 0.14903846153846154
3 0.6358173076923077 0.4074519230769231 0.04927884615384615 0.09735576923076923
11 0.44350961538461536 0.40865384615384615 0.05048076923076923 0.12740384615384615
3 0.8317307692307693 0.49038461538461536 0.06009615384615385 0.10216346153846154
3 0.3605769230769231 0.49158653846153844 0.051682692307692304 0.09975961538461539
8 0.6430288461538461 0.4951923076923077 0.056490384615384616 0.12379807692307693
9 0.5480769230769231 0.5036057692307693 0.051682692307692304 0.09975961538461539
3 0.1658653846153846 0.5048076923076923 0.06009615384615385 0.10216346153846154
1 0.7524038461538461 0.5408653846153846 0.08173076923076923 0.17427884615384615
2 0.34975961538461536 0.5865384615384616 0.05889423076923077 0.12980769230769232
5 0.9014423076923077 0.6995192307692307 0.09375 0.14543269230769232
6 0.6550480769230769 0.7151442307692307 0.06370192307692307 0.13822115384615385
6 0.08413461538461539 0.7199519230769231 0.0889423076923077 0.13701923076923078
9 0.44711538461538464 0.7331730769230769 0.06009615384615385 0.11298076923076923
0 0.7151442307692307 0.15625 0.040865384615384616 0.1045673076923077
3 0.5901442307692307 0.15745192307692307 0.036057692307692304 0.07932692307692307
3 0.5228365384615384 0.16346153846153846 0.03485576923076923 0.07572115384615384
3 0.3701923076923077 0.1658653846153846 0.030048076923076924 0.078125
9 0.45072115384615385 0.16706730769230768 0.039663461538461536 0.08173076923076923
2 0.39783653846153844 0.203125 0.04326923076923077 0.11057692307692307
5 0.3137019230769231 0.20793269230769232 0.046875 0.109375
9 0.5216346153846154 0.22355769230769232 0.039663461538461536 0.08173076923076923
10 0.6237980769230769 0.24879807692307693 0.054086538461538464 0.1310096153846154
7 0.2980769230769231 0.25240384615384615 0.06129807692307692 0.15504807692307693
11 0.7487980769230769 0.2536057692307692 0.051682692307692304 0.11057692307692307
0 0.45913461538461536 0.25841346153846156 0.04326923076923077 0.10697115384615384
9 0.22596153846153846 0.2776442307692308 0.04447115384615385 0.08774038461538461
9 0.3786057692307692 0.28365384615384615 0.042067307692307696 0.08533653846153846
8 0.46153846153846156 0.3233173076923077 0.04567307692307692 0.1141826923076923
3 0.6947115384615384 0.33052884615384615 0.04567307692307692 0.09254807692307693
9 0.7836538461538461 0.3329326923076923 0.046875 0.0889423076923077