4 0.21514423076923078 0.2848557692307692 0.07451923076923077 0.13701923076923078
1 0.2091346153846154 0.3701923076923077 0.06971153846153846 0.18269230769230768
0 0.2403846153846154 0.2127403846153846 0.055288461538461536 0.11778846153846154
0 0.19591346153846154 0.49399038461538464 0.0625 0.13221153846153846
2 0.25240384615384615 0.13341346153846154 0.052884615384615384 0.10817307692307693
2 0.17427884615384615 0.609375 0.07211538461538461 0.12259615384615384
5 0.15985576923076922 0.7307692307692307 0.06490384615384616 0.13221153846153846
5 0.25841346153846156 0.0673076923076923 0.05048076923076923 0.10576923076923077
3 0.3389423076923077 0.06129807692307692 0.04326923076923077 0.09375
3 0.33533653846153844 0.140625 0.040865384615384616 0.09615384615384616
3 0.32211538461538464 0.22596153846153846 0.038461538461538464 0.09134615384615384
3 0.31490384615384615 0.30649038461538464 0.04326923076923077 0.09375
3 0.30288461538461536 0.4014423076923077 0.05048076923076923 0.10096153846153846
3 0.28846153846153844 0.5048076923076923 0.05048076923076923 0.10576923076923077
3 0.2764423076923077 0.6117788461538461 0.04567307692307692 0.10576923076923077
3 0.2620192307692308 0.7319711538461539 0.04807692307692308 0.11298076923076923
10 0.8088942307692307 0.27524038461538464 0.07211538461538461 0.15625
7 0.8293269230769231 0.3605769230769231 0.06971153846153846 0.19471153846153846
6 0.8413461538461539 0.4879807692307692 0.0625 0.12980769230769232
8 0.8028846153846154 0.12740384615384615 0.055288461538461536 0.11538461538461539
8 0.8449519230769231 0.6201923076923077 0.06971153846153846 0.13221153846153846
11 0.7932692307692307 0.052884615384615384 0.055288461538461536 0.10576923076923077
11 0.8605769230769231 0.7475961538461539 0.07451923076923077 0.1346153846153846
9 0.7163461538461539 0.056490384615384616 0.04807692307692308 0.09615384615384616
9 0.7211538461538461 0.13341346153846154 0.04807692307692308 0.08413461538461539
9 0.7211538461538461 0.22355769230769232 0.055288461538461536 0.09375
9 0.7259615384615384 0.3088942307692308 0.057692307692307696 0.08653846153846154
9 0.7271634615384616 0.4098557692307692 0.057692307692307696 0.10096153846153846
9 0.7367788461538461 0.5108173076923077 0.057692307692307696 0.09615384615384616
9 0.7379807692307693 0.6117788461538461 0.057692307692307696 0.10817307692307693
9 0.75 0.734375 0.06490384615384616 0.11538461538461539