9 0.7055288461538461 0.3485576923076923 0.046875 0.0889423076923077
4 0.18269230769230768 0.38341346153846156 0.08052884615384616 0.14543269230769232
10 0.8197115384615384 0.3942307692307692 0.078125 0.1466346153846154
3 0.28846153846153844 0.41346153846153844 0.05048076923076923 0.09375
9 0.7211538461538461 0.42788461538461536 0.051682692307692304 0.09375
0 0.16346153846153846 0.47836538461538464 0.06610576923076923 0.12620192307692307
3 0.27524038461538464 0.49038461538461536 0.055288461538461536 0.09975961538461539
6 0.8353365384615384 0.5024038461538461 0.0673076923076923 0.12740384615384615
9 0.7379807692307693 0.5120192307692307 0.054086538461538464 0.09975961538461539
2 0.13581730769230768 0.5829326923076923 0.07091346153846154 0.12620192307692307
8 0.8629807692307693 0.5973557692307693 0.07692307692307693 0.12620192307692307
3 0.2548076923076923 0.6117788461538461 0.06009615384615385 0.10336538461538461
9 0.7487980769230769 0.6165865384615384 0.06009615384615385 0.1045673076923077
5 0.09014423076923077 0.6875 0.09375 0.14543269230769232
11 0.8954326923076923 0.7283653846153846 0.09495192307692307 0.14302884615384615
3 0.21033653846153846 0.7295673076923077 0.0673076923076923 0.11057692307692307
9 0.7728365384615384 0.7355769230769231 0.06610576923076923 0.11057692307692307
5 0.2620192307692308 0.14783653846153846 0.046875 0.10817307692307693
11 0.7451923076923077 0.15504807692307693 0.04807692307692308 0.1045673076923077
3 0.34134615384615385 0.15865384615384615 0.038461538461538464 0.07692307692307693
9 0.6730769230769231 0.16826923076923078 0.039663461538461536 0.07932692307692307
2 0.25721153846153844 0.19591346153846154 0.04447115384615385 0.10576923076923077
8 0.7536057692307693 0.21153846153846154 0.04567307692307692 0.10697115384615384
3 0.3245192307692308 0.21634615384615385 0.042067307692307696 0.08413461538461539
9 0.6814903846153846 0.22235576923076922 0.039663461538461536 0.08173076923076923
0 0.2403846153846154 0.2548076923076923 0.04927884615384615 0.1141826923076923
3 0.31009615384615385 0.2668269230769231 0.04326923076923077 0.08533653846153846
6 0.7740384615384616 0.27163461538461536 0.05048076923076923 0.11177884615384616
9 0.6959134615384616 0.2776442307692308 0.04447115384615385 0.08533653846153846
1 0.2091346153846154 0.296875 0.06971153846153846 0.1658653846153846
7 0.7992788461538461 0.3137019230769231 0.07211538461538461 0.1622596153846154
3 0.2956730769230769 0.3317307692307692 0.046875 0.09014423076923077