9 0.2824519230769231 0.34615384615384615 0.03485576923076923 0.07572115384615384
9 0.08052884615384616 0.3485576923076923 0.042067307692307696 0.0733173076923077
0 0.6225961538461539 0.39783653846153844 0.04447115384615385 0.1141826923076923
6 0.5420673076923077 0.4098557692307692 0.04567307692307692 0.12139423076923077
9 0.44591346153846156 0.4987980769230769 0.04326923076923077 0.08653846153846154
11 0.15865384615384615 0.5072115384615384 0.05889423076923077 0.10096153846153846
3 0.5516826923076923 0.5084134615384616 0.038461538461538464 0.0829326923076923
9 0.5504807692307693 0.5961538461538461 0.042067307692307696 0.08653846153846154
3 0.6454326923076923 0.5997596153846154 0.042067307692307696 0.08533653846153846
9 0.4338942307692308 0.7223557692307693 0.04567307692307692 0.09495192307692307
3 0.7824519230769231 0.7319711538461539 0.052884615384615384 0.09134615384615384
3 0.6646634615384616 0.16466346153846154 0.030048076923076924 0.06610576923076923
7 0.39903846153846156 0.18028846153846154 0.04447115384615385 0.14423076923076922
3 0.5985576923076923 0.21514423076923078 0.028846153846153848 0.06850961538461539
5 0.7608173076923077 0.2608173076923077 0.039663461538461536 0.08653846153846154
11 0.21995192307692307 0.2776442307692308 0.04326923076923077 0.08413461538461539
10 0.3701923076923077 0.3088942307692308 0.05048076923076923 0.140625
8 0.021634615384615384 0.3125 0.038461538461538464 0.10576923076923077
1 0.7211538461538461 0.3137019230769231 0.05889423076923077 0.15625
9 0.05048076923076923 0.3269230769230769 0.04447115384615385 0.0733173076923077