6 0.36778846153846156 0.4026442307692308 0.04447115384615385 0.11778846153846154
8 0.8197115384615384 0.421875 0.057692307692307696 0.11778846153846154
2 0.4651442307692308 0.5144230769230769 0.04567307692307692 0.1201923076923077
9 0.6430288461538461 0.5240384615384616 0.037259615384615384 0.08052884615384616
5 0.13221153846153846 0.6009615384615384 0.0625 0.1045673076923077
8 0.44711538461538464 0.6069711538461539 0.04807692307692308 0.125
3 0.6850961538461539 0.7295673076923077 0.04567307692307692 0.08774038461538461
9 0.9098557692307693 0.12740384615384615 0.039663461538461536 0.04927884615384615
0 0.27884615384615385 0.15264423076923078 0.036057692307692304 0.0985576923076923
5 0.4699519230769231 0.15865384615384615 0.028846153846153848 0.08052884615384616
3 0.6814903846153846 0.18269230769230768 0.028846153846153848 0.06610576923076923
9 0.39302884615384615 0.21995192307692307 0.03125 0.07091346153846154
9 0.5516826923076923 0.22956730769230768 0.028846153846153848 0.07091346153846154
2 0.3088942307692308 0.2668269230769231 0.04447115384615385 0.11057692307692307
6 0.6862980769230769 0.27403846153846156 0.039663461538461536 0.10576923076923077
11 0.45552884615384615 0.3293269230769231 0.036057692307692304 0.0889423076923077