9 0.3942307692307692 0.38100961538461536 0.05889423076923077 0.11658653846153846
1 0.20072115384615385 0.40384615384615385 0.09495192307692307 0.21995192307692307
10 0.3713942307692308 0.42908653846153844 0.08774038461538461 0.18990384615384615
11 0.8221153846153846 0.44350961538461536 0.08413461538461539 0.16105769230769232
11 0.4699519230769231 0.046875 0.04447115384615385 0.09254807692307693
0 0.8317307692307693 0.04807692307692308 0.04567307692307692 0.09495192307692307
9 0.7403846153846154 0.5432692307692307 0.06850961538461539 0.12259615384615384
5 0.7824519230769231 0.056490384615384616 0.04567307692307692 0.11177884615384616
4 0.5480769230769231 0.05889423076923077 0.05048076923076923 0.11778846153846154
5 0.17908653846153846 0.6237980769230769 0.09495192307692307 0.17307692307692307
2 0.6754807692307693 0.06370192307692307 0.04807692307692308 0.11538461538461539
3 0.2620192307692308 0.6514423076923077 0.0733173076923077 0.1310096153846154
9 0.7427884615384616 0.6514423076923077 0.07451923076923077 0.1310096153846154
8 0.7415865384615384 0.0733173076923077 0.052884615384615384 0.09735576923076923
9 0.47836538461538464 0.13341346153846154 0.046875 0.10096153846153846
9 0.6670673076923077 0.14302884615384615 0.05048076923076923 0.10576923076923077
7 0.7536057692307693 0.15745192307692307 0.07692307692307693 0.19831730769230768
9 0.9747596153846154 0.20432692307692307 0.04927884615384615 0.0985576923076923
3 0.9146634615384616 0.21153846153846154 0.055288461538461536 0.09975961538461539
3 0.3942307692307692 0.24879807692307693 0.055288461538461536 0.11057692307692307
9 0.4807692307692308 0.2512019230769231 0.054086538461538464 0.11177884615384616
3 0.9519230769230769 0.31490384615384615 0.0625 0.1045673076923077
9 0.5516826923076923 0.31490384615384615 0.056490384615384616 0.11298076923076923