1 0.49158653846153844 0.33653846153846156 0.040865384615384616 0.12860576923076922
4 0.5673076923076923 0.3425480769230769 0.04447115384615385 0.125
2 0.640625 0.36538461538461536 0.04567307692307692 0.09495192307692307
0 0.31490384615384615 0.4254807692307692 0.037259615384615384 0.08533653846153846
3 0.23076923076923078 0.4266826923076923 0.03485576923076923 0.06850961538461539
11 0.8028846153846154 0.4411057692307692 0.05048076923076923 0.0829326923076923
3 0.4855769230769231 0.44471153846153844 0.03125 0.07211538461538461
8 0.3016826923076923 0.5132211538461539 0.04807692307692308 0.1045673076923077
3 0.49278846153846156 0.5144230769230769 0.03365384615384615 0.06971153846153846
6 0.5625 0.5360576923076923 0.04447115384615385 0.10216346153846154
9 0.8329326923076923 0.5372596153846154 0.046875 0.0733173076923077
9 0.20192307692307693 0.6153846153846154 0.04326923076923077 0.078125
9 0.6454326923076923 0.625 0.038461538461538464 0.06971153846153846
9 0.4855769230769231 0.625 0.037259615384615384 0.07091346153846154
7 0.890625 0.7151442307692307 0.09495192307692307 0.13341346153846154
10 0.609375 0.1466346153846154 0.042067307692307696 0.11658653846153846
8 0.359375 0.15625 0.03365384615384615 0.09495192307692307
3 0.484375 0.17668269230769232 0.027644230769230768 0.06370192307692307
2 0.41225961538461536 0.22115384615384615 0.03365384615384615 0.09254807692307693
9 0.2764423076923077 0.22355769230769232 0.028846153846153848 0.0673076923076923
3 0.6802884615384616 0.24278846153846154 0.03125 0.06370192307692307
9 0.3473557692307692 0.28725961538461536 0.030048076923076924 0.06610576923076923
3 0.4110576923076923 0.2920673076923077 0.028846153846153848 0.0673076923076923
0 0.7668269230769231 0.2980769230769231 0.04447115384615385 0.09495192307692307