9 0.28125 0.3473557692307692 0.03485576923076923 0.07451923076923077
9 0.08173076923076923 0.35096153846153844 0.042067307692307696 0.07211538461538461
5 0.037259615384615384 0.39663461538461536 0.057692307692307696 0.0889423076923077
0 0.6225961538461539 0.40024038461538464 0.04447115384615385 0.11538461538461539
6 0.5420673076923077 0.41225961538461536 0.04326923076923077 0.11899038461538461
9 0.44591346153846156 0.5012019230769231 0.038461538461538464 0.08533653846153846
3 0.5528846153846154 0.5096153846153846 0.039663461538461536 0.08173076923076923
9 0.5504807692307693 0.5985576923076923 0.039663461538461536 0.08413461538461539
3 0.6454326923076923 0.6021634615384616 0.042067307692307696 0.08653846153846154
9 0.4338942307692308 0.7235576923076923 0.04567307692307692 0.09375
3 0.7824519230769231 0.734375 0.051682692307692304 0.09134615384615384
3 0.6646634615384616 0.16706730769230768 0.030048076923076924 0.06610576923076923
7 0.39783653846153844 0.18269230769230768 0.040865384615384616 0.14302884615384615
3 0.5985576923076923 0.21634615384615385 0.027644230769230768 0.06850961538461539
11 0.019230769230769232 0.2644230769230769 0.037259615384615384 0.07572115384615384
11 0.21875 0.27884615384615385 0.04326923076923077 0.08533653846153846
10 0.36899038461538464 0.3112980769230769 0.05048076923076923 0.14182692307692307
8 0.02283653846153846 0.31490384615384615 0.040865384615384616 0.10096153846153846
1 0.7223557692307693 0.31490384615384615 0.05889423076923077 0.15625
9 0.052884615384615384 0.328125 0.042067307692307696 0.07091346153846154