9 0.37740384615384615 0.35216346153846156 0.03125 0.0733173076923077
10 0.46153846153846156 0.38461538461538464 0.051682692307692304 0.14783653846153846
2 0.7211538461538461 0.40384615384615385 0.042067307692307696 0.11538461538461539
6 0.6322115384615384 0.41225961538461536 0.04447115384615385 0.11538461538461539
7 0.5516826923076923 0.46875 0.052884615384615384 0.16105769230769232
0 0.3713942307692308 0.49038461538461536 0.04807692307692308 0.11778846153846154
8 0.2512019230769231 0.4951923076923077 0.052884615384615384 0.12139423076923077
9 0.6538461538461539 0.6105769230769231 0.04326923076923077 0.09014423076923077
5 0.8677884615384616 0.6105769230769231 0.0625 0.10576923076923077
9 0.1346153846153846 0.6189903846153846 0.052884615384615384 0.08413461538461539
6 0.8028846153846154 0.7103365384615384 0.07091346153846154 0.12740384615384615
8 0.4639423076923077 0.7271634615384616 0.051682692307692304 0.1310096153846154
3 0.23557692307692307 0.7391826923076923 0.051682692307692304 0.09014423076923077
0 0.7367788461538461 0.13581730769230768 0.037259615384615384 0.0985576923076923
4 0.59375 0.14302884615384615 0.038461538461538464 0.12740384615384615
5 0.3293269230769231 0.1658653846153846 0.03365384615384615 0.08052884615384616
3 0.46033653846153844 0.16947115384615385 0.02403846153846154 0.06490384615384616
9 0.25240384615384615 0.17067307692307693 0.030048076923076924 0.0673076923076923
3 0.016826923076923076 0.21875 0.03245192307692308 0.042067307692307696
3 0.6802884615384616 0.21875 0.027644230769230768 0.06971153846153846
1 0.4579326923076923 0.24158653846153846 0.04447115384615385 0.1466346153846154
9 0.7644230769230769 0.2644230769230769 0.03365384615384615 0.07211538461538461
11 0.328125 0.2704326923076923 0.037259615384615384 0.08774038461538461
2 0.5949519230769231 0.27403846153846156 0.037259615384615384 0.1045673076923077
3 0.22235576923076922 0.2860576923076923 0.036057692307692304 0.07211538461538461