9 0.7211538461538461 0.34975961538461536 0.042067307692307696 0.0733173076923077
4 0.19110576923076922 0.375 0.07692307692307693 0.15985576923076922
10 0.8100961538461539 0.390625 0.0733173076923077 0.15865384615384615
9 0.5516826923076923 0.421875 0.05048076923076923 0.08052884615384616
2 0.16947115384615385 0.4699519230769231 0.06490384615384616 0.11658653846153846
3 0.2536057692307692 0.49759615384615385 0.052884615384615384 0.08774038461538461
9 0.5552884615384616 0.5036057692307693 0.05048076923076923 0.08774038461538461
0 0.13701923076923078 0.5925480769230769 0.07451923076923077 0.125
9 0.6418269230769231 0.6021634615384616 0.054086538461538464 0.09014423076923077
3 0.25600961538461536 0.6105769230769231 0.056490384615384616 0.10336538461538461
5 0.08774038461538461 0.7271634615384616 0.08052884615384616 0.11057692307692307
3 0.21514423076923078 0.7331730769230769 0.0625 0.10336538461538461
9 0.7548076923076923 0.7355769230769231 0.051682692307692304 0.09495192307692307
11 0.9014423076923077 0.7355769230769231 0.08052884615384616 0.11177884615384616
5 0.2668269230769231 0.15865384615384615 0.04326923076923077 0.09014423076923077
11 0.7560096153846154 0.15985576923076922 0.04326923076923077 0.09014423076923077
3 0.3317307692307692 0.1658653846153846 0.037259615384615384 0.078125
9 0.6826923076923077 0.17067307692307693 0.036057692307692304 0.078125
8 0.7644230769230769 0.21514423076923078 0.055288461538461536 0.12379807692307693
3 0.4014423076923077 0.21634615384615385 0.042067307692307696 0.07692307692307693
9 0.6802884615384616 0.22115384615384615 0.038461538461538464 0.06850961538461539
0 0.23317307692307693 0.2536057692307692 0.054086538461538464 0.11778846153846154
6 0.7764423076923077 0.26322115384615385 0.054086538461538464 0.11658653846153846
6 0.5396634615384616 0.2644230769230769 0.04567307692307692 0.11538461538461539
3 0.3016826923076923 0.2692307692307692 0.03485576923076923 0.07211538461538461
9 0.6850961538461539 0.2824519230769231 0.039663461538461536 0.078125
1 0.21875 0.28966346153846156 0.0673076923076923 0.15384615384615385
7 0.8028846153846154 0.31490384615384615 0.06850961538461539 0.15625
3 0.3245192307692308 0.3317307692307692 0.039663461538461536 0.0829326923076923