3 0.5324519230769231 0.3425480769230769 0.03245192307692308 0.07451923076923077
9 0.2920673076923077 0.3557692307692308 0.03485576923076923 0.07572115384615384
4 0.8088942307692307 0.38100961538461536 0.06850961538461539 0.14783653846153846
10 0.17668269230769232 0.4014423076923077 0.07572115384615384 0.1466346153846154
3 0.7103365384615384 0.4110576923076923 0.036057692307692304 0.07572115384615384
9 0.4567307692307692 0.4170673076923077 0.037259615384615384 0.08173076923076923
0 0.8305288461538461 0.47836538461538464 0.056490384615384616 0.11778846153846154
3 0.7271634615384616 0.4951923076923077 0.039663461538461536 0.08173076923076923
8 0.3545673076923077 0.4963942307692308 0.051682692307692304 0.1201923076923077
9 0.2704326923076923 0.5168269230769231 0.040865384615384616 0.0829326923076923
6 0.16826923076923078 0.5180288461538461 0.06009615384615385 0.1201923076923077
2 0.8485576923076923 0.578125 0.06490384615384616 0.1201923076923077
3 0.7427884615384616 0.6045673076923077 0.04326923076923077 0.08413461538461539
9 0.24759615384615385 0.6201923076923077 0.046875 0.08533653846153846
3 0.7620192307692307 0.7163461538461539 0.051682692307692304 0.09014423076923077
5 0.8774038461538461 0.7163461538461539 0.06971153846153846 0.11057692307692307
11 0.07692307692307693 0.7487980769230769 0.07572115384615384 0.10817307692307693
9 0.21875 0.75 0.051682692307692304 0.08774038461538461
5 0.7247596153846154 0.15745192307692307 0.03485576923076923 0.078125
3 0.6538461538461539 0.16105769230769232 0.027644230769230768 0.06490384615384616
11 0.24879807692307693 0.17307692307692307 0.037259615384615384 0.07932692307692307
9 0.3269230769230769 0.17548076923076922 0.027644230769230768 0.0673076923076923
2 0.7427884615384616 0.19951923076923078 0.042067307692307696 0.10336538461538461
8 0.23317307692307693 0.21394230769230768 0.042067307692307696 0.10576923076923077
3 0.6670673076923077 0.21875 0.030048076923076924 0.06850961538461539
9 0.3173076923076923 0.23557692307692307 0.03125 0.06971153846153846
0 0.7536057692307693 0.25841346153846156 0.042067307692307696 0.10576923076923077
6 0.21875 0.27524038461538464 0.04447115384615385 0.10576923076923077
3 0.6778846153846154 0.2776442307692308 0.030048076923076924 0.07091346153846154
9 0.2920673076923077 0.29086538461538464 0.03245192307692308 0.07091346153846154
1 0.7860576923076923 0.29927884615384615 0.06009615384615385 0.15625
7 0.19110576923076922 0.3245192307692308 0.0673076923076923 0.1502403846153846