3 0.5324519230769231 0.34375 0.03125 0.07451923076923077
9 0.2920673076923077 0.3557692307692308 0.03485576923076923 0.07451923076923077
1 0.8088942307692307 0.38221153846153844 0.06850961538461539 0.1466346153846154
10 0.1778846153846154 0.4014423076923077 0.07451923076923077 0.14543269230769232
3 0.7103365384615384 0.4110576923076923 0.036057692307692304 0.07572115384615384
9 0.4567307692307692 0.4170673076923077 0.037259615384615384 0.08173076923076923
0 0.8305288461538461 0.4795673076923077 0.055288461538461536 0.11778846153846154
8 0.34975961538461536 0.49399038461538464 0.04927884615384615 0.12379807692307693
3 0.7271634615384616 0.4963942307692308 0.038461538461538464 0.0829326923076923
9 0.2704326923076923 0.5168269230769231 0.042067307692307696 0.0829326923076923
6 0.16826923076923078 0.5168269230769231 0.05889423076923077 0.12139423076923077
2 0.8485576923076923 0.578125 0.06490384615384616 0.11899038461538461
3 0.7427884615384616 0.6057692307692307 0.042067307692307696 0.08533653846153846
9 0.24759615384615385 0.6213942307692307 0.046875 0.08533653846153846
5 0.8774038461538461 0.7163461538461539 0.06971153846153846 0.109375
3 0.7620192307692307 0.7163461538461539 0.051682692307692304 0.0889423076923077
11 0.07572115384615384 0.7475961538461539 0.07572115384615384 0.10817307692307693
9 0.21875 0.75 0.051682692307692304 0.08774038461538461
5 0.7247596153846154 0.15865384615384615 0.036057692307692304 0.078125
3 0.6538461538461539 0.1622596153846154 0.027644230769230768 0.06490384615384616
11 0.24879807692307693 0.17307692307692307 0.037259615384615384 0.078125
9 0.3269230769230769 0.17548076923076922 0.027644230769230768 0.06610576923076923
2 0.7427884615384616 0.20072115384615385 0.04326923076923077 0.10336538461538461
3 0.6658653846153846 0.21995192307692307 0.030048076923076924 0.06850961538461539
9 0.3173076923076923 0.23677884615384615 0.030048076923076924 0.07091346153846154
0 0.7548076923076923 0.25961538461538464 0.042067307692307696 0.10576923076923077
8 0.3713942307692308 0.26802884615384615 0.037259615384615384 0.109375
6 0.21875 0.27403846153846156 0.04567307692307692 0.1045673076923077
3 0.6766826923076923 0.27884615384615385 0.030048076923076924 0.07091346153846154
9 0.2920673076923077 0.29086538461538464 0.03245192307692308 0.07211538461538461
1 0.7860576923076923 0.3004807692307692 0.05889423076923077 0.15504807692307693
7 0.19110576923076922 0.3245192307692308 0.0673076923076923 0.1502403846153846