9 0.3076923076923077 0.3798076923076923 0.0625 0.11778846153846154
1 0.38341346153846156 0.4230769230769231 0.08173076923076923 0.21394230769230768
9 0.9783653846153846 0.43990384615384615 0.042067307692307696 0.10576923076923077
11 0.46875 0.046875 0.04326923076923077 0.09375
0 0.8305288461538461 0.04927884615384615 0.05048076923076923 0.0985576923076923
7 0.7355769230769231 0.5048076923076923 0.09735576923076923 0.21995192307692307
5 0.7824519230769231 0.057692307692307696 0.05048076923076923 0.11538461538461539
4 0.84375 0.6165865384615384 0.11778846153846154 0.20072115384615385
2 0.6742788461538461 0.06370192307692307 0.04567307692307692 0.1141826923076923
8 0.7403846153846154 0.0733173076923077 0.052884615384615384 0.09615384615384616
5 0.9459134615384616 0.10096153846153846 0.06490384615384616 0.12259615384615384
11 0.5360576923076923 0.17427884615384615 0.052884615384615384 0.14182692307692307
9 0.9735576923076923 0.20432692307692307 0.04807692307692308 0.10096153846153846
3 0.9134615384615384 0.2127403846153846 0.054086538461538464 0.0985576923076923
10 0.32572115384615385 0.22115384615384615 0.07572115384615384 0.171875
3 0.9507211538461539 0.3161057692307692 0.06129807692307692 0.1045673076923077