9 0.9591346153846154 0.3713942307692308 0.056490384615384616 0.08533653846153846
9 0.5456730769230769 0.4182692307692308 0.046875 0.09375
3 0.9639423076923077 0.4543269230769231 0.06129807692307692 0.09014423076923077
1 0.25961538461538464 0.4567307692307692 0.07572115384615384 0.17548076923076922
9 0.9759615384615384 0.5024038461538461 0.046875 0.09375
7 0.6742788461538461 0.5637019230769231 0.07692307692307693 0.17427884615384615
3 0.4483173076923077 0.5985576923076923 0.054086538461538464 0.10336538461538461
8 0.328125 0.14543269230769232 0.04447115384615385 0.1045673076923077
9 0.6730769230769231 0.16466346153846154 0.039663461538461536 0.07932692307692307
9 0.9771634615384616 0.1658653846153846 0.040865384615384616 0.07692307692307693
0 0.9290865384615384 0.1875 0.051682692307692304 0.09615384615384616
11 0.2536057692307692 0.1935096153846154 0.05048076923076923 0.109375
9 0.9771634615384616 0.22716346153846154 0.040865384615384616 0.07932692307692307
5 0.9146634615384616 0.234375 0.06009615384615385 0.10216346153846154
0 0.9350961538461539 0.27163461538461536 0.05889423076923077 0.10096153846153846
3 0.9338942307692307 0.32572115384615385 0.051682692307692304 0.08774038461538461