9 0.3918269230769231 0.38221153846153844 0.06129807692307692 0.11899038461538461
9 0.9783653846153846 0.43990384615384615 0.038461538461538464 0.10576923076923077
11 0.19110576923076922 0.44471153846153844 0.0625 0.1658653846153846
0 0.8317307692307693 0.046875 0.04567307692307692 0.09375
11 0.46875 0.04807692307692308 0.04807692307692308 0.09615384615384616
10 0.2548076923076923 0.5204326923076923 0.0985576923076923 0.203125
5 0.7848557692307693 0.056490384615384616 0.05048076923076923 0.11298076923076923
4 0.5480769230769231 0.06009615384615385 0.051682692307692304 0.1201923076923077
2 0.6754807692307693 0.06129807692307692 0.04567307692307692 0.11538461538461539
3 0.4675480769230769 0.6538461538461539 0.07091346153846154 0.13341346153846154
9 0.6358173076923077 0.6550480769230769 0.07091346153846154 0.13581730769230768
8 0.7427884615384616 0.07211538461538461 0.052884615384615384 0.09735576923076923
1 0.4050480769230769 0.0985576923076923 0.0625 0.19471153846153846
5 0.9459134615384616 0.10216346153846154 0.0625 0.12259615384615384
9 0.6658653846153846 0.14423076923076922 0.04927884615384615 0.10216346153846154
9 0.9747596153846154 0.20192307692307693 0.04927884615384615 0.09735576923076923
3 0.9134615384615384 0.21394230769230768 0.056490384615384616 0.0985576923076923
3 0.3942307692307692 0.25 0.056490384615384616 0.11057692307692307
9 0.4795673076923077 0.25240384615384615 0.054086538461538464 0.11057692307692307
7 0.6153846153846154 0.27283653846153844 0.0733173076923077 0.20673076923076922
3 0.9519230769230769 0.3161057692307692 0.06129807692307692 0.10576923076923077