9 0.07932692307692307 0.3473557692307692 0.039663461538461536 0.07091346153846154
6 0.08653846153846154 0.3894230769230769 0.06971153846153846 0.08413461538461539
1 0.6538461538461539 0.5877403846153846 0.0673076923076923 0.17067307692307693
3 0.6514423076923077 0.6983173076923077 0.04326923076923077 0.08774038461538461
3 0.12139423076923077 0.17067307692307693 0.03125 0.05889423076923077
11 0.14182692307692307 0.17307692307692307 0.040865384615384616 0.07692307692307693
3 0.1141826923076923 0.18990384615384615 0.03485576923076923 0.06370192307692307
10 0.06490384615384616 0.21634615384615385 0.06610576923076923 0.12620192307692307
9 0.5516826923076923 0.2920673076923077 0.028846153846153848 0.07091346153846154
8 0.02283653846153846 0.3112980769230769 0.040865384615384616 0.10817307692307693
7 0.7139423076923077 0.3112980769230769 0.057692307692307696 0.15384615384615385
9 0.051682692307692304 0.328125 0.04326923076923077 0.07211538461538461