5 0.7139423076923077 0.34375 0.04326923076923077 0.09254807692307693
4 0.4699519230769231 0.3942307692307692 0.046875 0.1466346153846154
10 0.8221153846153846 0.40024038461538464 0.07451923076923077 0.1466346153846154
0 0.37740384615384615 0.4026442307692308 0.042067307692307696 0.11298076923076923
3 0.28966346153846156 0.4110576923076923 0.037259615384615384 0.07692307692307693
0 0.16947115384615385 0.47836538461538464 0.056490384615384616 0.11899038461538461
8 0.6442307692307693 0.4879807692307692 0.04927884615384615 0.1201923076923077
3 0.38100961538461536 0.4963942307692308 0.03485576923076923 0.08173076923076923
3 0.7584134615384616 0.5072115384615384 0.04326923076923077 0.08052884615384616
9 0.7175480769230769 0.052884615384615384 0.026442307692307692 0.057692307692307696
3 0.7800480769230769 0.6129807692307693 0.04807692307692308 0.08533653846153846
5 0.8882211538461539 0.6153846153846154 0.06610576923076923 0.10336538461538461
9 0.24759615384615385 0.6201923076923077 0.046875 0.08533653846153846
9 0.625 0.06971153846153846 0.037259615384615384 0.036057692307692304
6 0.6622596153846154 0.7019230769230769 0.055288461538461536 0.125
2 0.3425480769230769 0.7235576923076923 0.06009615384615385 0.12259615384615384
9 0.78125 0.7487980769230769 0.051682692307692304 0.08653846153846154
3 0.5048076923076923 0.08413461538461539 0.02283653846153846 0.06009615384615385
11 0.5973557692307693 0.09014423076923077 0.027644230769230768 0.07091346153846154
9 0.6394230769230769 0.09975961538461539 0.025240384615384616 0.06129807692307692
6 0.4807692307692308 0.16105769230769232 0.03365384615384615 0.0985576923076923
3 0.3449519230769231 0.16105769230769232 0.027644230769230768 0.06370192307692307
9 0.6057692307692307 0.17307692307692307 0.018028846153846152 0.06610576923076923
1 0.6165865384615384 0.18870192307692307 0.04326923076923077 0.14543269230769232
7 0.765625 0.19591346153846154 0.055288461538461536 0.140625
9 0.26322115384615385 0.21514423076923078 0.03365384615384615 0.07211538461538461
2 0.4014423076923077 0.2644230769230769 0.038461538461538464 0.10817307692307693
8 0.6262019230769231 0.2668269230769231 0.037259615384615384 0.10817307692307693
3 0.47115384615384615 0.2704326923076923 0.030048076923076924 0.07091346153846154
3 0.32211538461538464 0.2776442307692308 0.030048076923076924 0.06971153846153846
9 0.7067307692307693 0.29086538461538464 0.03245192307692308 0.07211538461538461
11 0.31971153846153844 0.32572115384615385 0.039663461538461536 0.0889423076923077