9 0.47115384615384615 0.6021634615384616 0.037259615384615384 0.07451923076923077
9 0.5625 0.6165865384615384 0.036057692307692304 0.07211538461538461
9 0.7307692307692307 0.6189903846153846 0.042067307692307696 0.07211538461538461
9 0.6538461538461539 0.6213942307692307 0.037259615384615384 0.07211538461538461
9 0.8317307692307693 0.6225961538461539 0.04927884615384615 0.07451923076923077
9 0.2920673076923077 0.625 0.037259615384615384 0.07211538461538461
9 0.1778846153846154 0.6274038461538461 0.04447115384615385 0.07572115384615384
9 0.3798076923076923 0.6310096153846154 0.037259615384615384 0.0733173076923077
7 0.5649038461538461 0.7067307692307693 0.056490384615384616 0.13822115384615385
10 0.46634615384615385 0.7091346153846154 0.055288461538461536 0.1310096153846154
6 0.6622596153846154 0.7163461538461539 0.05048076923076923 0.0985576923076923
8 0.765625 0.7175480769230769 0.0625 0.0985576923076923
8 0.27163461538461536 0.7199519230769231 0.057692307692307696 0.1045673076923077
11 0.1622596153846154 0.7235576923076923 0.057692307692307696 0.09254807692307693
11 0.8533653846153846 0.7247596153846154 0.06129807692307692 0.0889423076923077
6 0.38461538461538464 0.7307692307692307 0.04927884615384615 0.10576923076923077
1 0.5360576923076923 0.1502403846153846 0.037259615384615384 0.12379807692307693
4 0.46875 0.15144230769230768 0.036057692307692304 0.11658653846153846
0 0.40625 0.15865384615384615 0.03125 0.09014423076923077
2 0.33774038461538464 0.15985576923076922 0.03485576923076923 0.09495192307692307
0 0.5865384615384616 0.16466346153846154 0.03125 0.09254807692307693
5 0.2704326923076923 0.16466346153846154 0.03245192307692308 0.07572115384615384
2 0.6646634615384616 0.16706730769230768 0.036057692307692304 0.09254807692307693
5 0.7259615384615384 0.18028846153846154 0.037259615384615384 0.07451923076923077
3 0.26322115384615385 0.23076923076923078 0.030048076923076924 0.06490384615384616
3 0.3317307692307692 0.23197115384615385 0.027644230769230768 0.06610576923076923
3 0.46274038461538464 0.23197115384615385 0.028846153846153848 0.06370192307692307
3 0.4074519230769231 0.23317307692307693 0.027644230769230768 0.06490384615384616
3 0.5420673076923077 0.23677884615384615 0.027644230769230768 0.06490384615384616
3 0.6021634615384616 0.23677884615384615 0.028846153846153848 0.0625
3 0.6694711538461539 0.2403846153846154 0.030048076923076924 0.06610576923076923
3 0.7391826923076923 0.24278846153846154 0.03245192307692308 0.0625