9 0.2824519230769231 0.35096153846153844 0.03245192307692308 0.07451923076923077
4 0.8088942307692307 0.3762019230769231 0.0673076923076923 0.14302884615384615
10 0.19471153846153846 0.3954326923076923 0.06850961538461539 0.1466346153846154
9 0.4495192307692308 0.4254807692307692 0.036057692307692304 0.07932692307692307
2 0.8305288461538461 0.4723557692307692 0.05889423076923077 0.11778846153846154
6 0.17307692307692307 0.49399038461538464 0.057692307692307696 0.11658653846153846
3 0.7451923076923077 0.5 0.042067307692307696 0.08173076923076923
9 0.44711538461538464 0.5036057692307693 0.038461538461538464 0.08533653846153846
0 0.8617788461538461 0.5949519230769231 0.06490384615384616 0.12139423076923077
3 0.7451923076923077 0.6129807692307693 0.04567307692307692 0.08413461538461539
9 0.2512019230769231 0.6201923076923077 0.04567307692307692 0.08533653846153846
5 0.9158653846153846 0.7283653846153846 0.0733173076923077 0.10697115384615384
3 0.7848557692307693 0.734375 0.055288461538461536 0.09375
9 0.24759615384615385 0.734375 0.051682692307692304 0.09014423076923077
11 0.10096153846153846 0.7403846153846154 0.0733173076923077 0.10697115384615384
11 0.24519230769230768 0.16346153846153846 0.036057692307692304 0.078125
5 0.7307692307692307 0.16466346153846154 0.037259615384615384 0.0829326923076923
3 0.6670673076923077 0.16947115384615385 0.03125 0.06490384615384616
9 0.31971153846153844 0.171875 0.028846153846153848 0.06370192307692307
8 0.23918269230769232 0.21875 0.04447115384615385 0.11057692307692307
3 0.6646634615384616 0.22115384615384615 0.03245192307692308 0.07091346153846154
9 0.3233173076923077 0.22115384615384615 0.030048076923076924 0.06850961538461539
0 0.7632211538461539 0.25600961538461536 0.042067307692307696 0.10576923076923077
2 0.45552884615384615 0.25841346153846156 0.03485576923076923 0.10576923076923077
6 0.2283653846153846 0.265625 0.046875 0.10817307692307693
3 0.6983173076923077 0.27403846153846156 0.03125 0.07211538461538461
9 0.3173076923076923 0.2848557692307692 0.03125 0.07091346153846154
1 0.7800480769230769 0.296875 0.06129807692307692 0.15384615384615385
7 0.19951923076923078 0.32091346153846156 0.06490384615384616 0.15264423076923078
3 0.6766826923076923 0.3329326923076923 0.03485576923076923 0.07692307692307693