2 0.3389423076923077 0.3425480769230769 0.038461538461538464 0.09735576923076923
0 0.6514423076923077 0.35216346153846156 0.039663461538461536 0.0985576923076923
3 0.5540865384615384 0.36658653846153844 0.03245192307692308 0.06850961538461539
3 0.23918269230769232 0.3762019230769231 0.03485576923076923 0.06850961538461539
0 0.8028846153846154 0.38221153846153844 0.05048076923076923 0.09615384615384616
10 0.40384615384615385 0.41225961538461536 0.04567307692307692 0.12980769230769232
6 0.3161057692307692 0.4254807692307692 0.040865384615384616 0.10216346153846154
9 0.48197115384615385 0.43509615384615385 0.03125 0.0673076923076923
11 0.7127403846153846 0.4375 0.04326923076923077 0.08413461538461539
9 0.5769230769230769 0.43990384615384615 0.03245192307692308 0.07091346153846154
9 0.8137019230769231 0.4735576923076923 0.04326923076923077 0.07091346153846154
8 0.22956730769230768 0.5 0.054086538461538464 0.10817307692307693
2 0.6538461538461539 0.5192307692307693 0.051682692307692304 0.09735576923076923
11 0.48677884615384615 0.5360576923076923 0.039663461538461536 0.08774038461538461
7 0.5829326923076923 0.5877403846153846 0.054086538461538464 0.13822115384615385
6 0.7620192307692307 0.6141826923076923 0.052884615384615384 0.0985576923076923
9 0.8629807692307693 0.7379807692307693 0.052884615384615384 0.0733173076923077
9 0.40384615384615385 0.7704326923076923 0.039663461538461536 0.07692307692307693
9 0.21033653846153846 0.7716346153846154 0.046875 0.07932692307692307
9 0.6887019230769231 0.7728365384615384 0.04326923076923077 0.07091346153846154
3 0.7415865384615384 0.19230769230769232 0.030048076923076924 0.06129807692307692
3 0.35336538461538464 0.2283653846153846 0.026442307692307692 0.06490384615384616
1 0.7848557692307693 0.2283653846153846 0.057692307692307696 0.12740384615384615
8 0.6237980769230769 0.22956730769230768 0.036057692307692304 0.09615384615384616
3 0.48197115384615385 0.23317307692307693 0.02283653846153846 0.06490384615384616
5 0.6911057692307693 0.23557692307692307 0.036057692307692304 0.078125
3 0.5649038461538461 0.23798076923076922 0.030048076923076924 0.0673076923076923
4 0.49759615384615385 0.25961538461538464 0.039663461538461536 0.1201923076923077
5 0.26802884615384615 0.27884615384615385 0.037259615384615384 0.08052884615384616
9 0.34134615384615385 0.2932692307692308 0.026442307692307692 0.06490384615384616
3 0.40865384615384615 0.296875 0.030048076923076924 0.06850961538461539
3 0.71875 0.3112980769230769 0.03365384615384615 0.06850961538461539