6 0.6322115384615384 0.4026442307692308 0.04447115384615385 0.11778846153846154
8 0.18028846153846154 0.421875 0.057692307692307696 0.11778846153846154
2 0.5348557692307693 0.5144230769230769 0.04567307692307692 0.1201923076923077
9 0.35697115384615385 0.5240384615384616 0.037259615384615384 0.08052884615384616
5 0.8677884615384616 0.6009615384615384 0.0625 0.1045673076923077
8 0.5528846153846154 0.6069711538461539 0.04807692307692308 0.125
3 0.31490384615384615 0.7295673076923077 0.04567307692307692 0.08774038461538461
9 0.09014423076923077 0.12740384615384615 0.039663461538461536 0.04927884615384615
0 0.7211538461538461 0.15264423076923078 0.036057692307692304 0.0985576923076923
5 0.5300480769230769 0.15865384615384615 0.028846153846153848 0.08052884615384616
3 0.31850961538461536 0.18269230769230768 0.028846153846153848 0.06610576923076923
9 0.6069711538461539 0.21995192307692307 0.03125 0.07091346153846154
9 0.4483173076923077 0.22956730769230768 0.028846153846153848 0.07091346153846154
2 0.6911057692307693 0.2668269230769231 0.04447115384615385 0.11057692307692307
6 0.3137019230769231 0.27403846153846156 0.039663461538461536 0.10576923076923077
11 0.5444711538461539 0.3293269230769231 0.036057692307692304 0.0889423076923077