3 0.4675480769230769 0.34375 0.03245192307692308 0.07572115384615384
9 0.7079326923076923 0.35697115384615385 0.03365384615384615 0.07572115384615384
4 0.19110576923076922 0.38221153846153844 0.06850961538461539 0.14543269230769232
10 0.8221153846153846 0.4014423076923077 0.07572115384615384 0.14783653846153846
3 0.28966346153846156 0.4110576923076923 0.037259615384615384 0.07572115384615384
9 0.5432692307692307 0.4170673076923077 0.036057692307692304 0.08413461538461539
0 0.16947115384615385 0.4795673076923077 0.056490384615384616 0.11778846153846154
3 0.27283653846153844 0.4951923076923077 0.040865384615384616 0.0829326923076923
8 0.6454326923076923 0.49759615384615385 0.04447115384615385 0.11658653846153846
9 0.7295673076923077 0.515625 0.042067307692307696 0.0829326923076923
6 0.8317307692307693 0.5168269230769231 0.05889423076923077 0.1201923076923077
2 0.15144230769230768 0.578125 0.06490384615384616 0.1201923076923077
3 0.25721153846153844 0.6057692307692307 0.04326923076923077 0.08653846153846154
9 0.7524038461538461 0.6201923076923077 0.046875 0.08413461538461539
3 0.23798076923076922 0.7163461538461539 0.051682692307692304 0.0889423076923077
5 0.12259615384615384 0.7163461538461539 0.06971153846153846 0.109375
11 0.9242788461538461 0.7475961538461539 0.07572115384615384 0.11057692307692307
9 0.78125 0.75 0.051682692307692304 0.08774038461538461
5 0.27524038461538464 0.15865384615384615 0.03485576923076923 0.07692307692307693
3 0.34615384615384615 0.1622596153846154 0.027644230769230768 0.06370192307692307
11 0.75 0.171875 0.037259615384615384 0.07932692307692307
9 0.6730769230769231 0.17668269230769232 0.027644230769230768 0.0673076923076923
2 0.25600961538461536 0.19951923076923078 0.042067307692307696 0.1045673076923077
8 0.7680288461538461 0.2127403846153846 0.042067307692307696 0.10697115384615384
3 0.33413461538461536 0.21875 0.028846153846153848 0.06610576923076923
9 0.6826923076923077 0.23557692307692307 0.030048076923076924 0.07091346153846154
0 0.24519230769230768 0.25961538461538464 0.04326923076923077 0.10576923076923077
6 0.7800480769230769 0.27403846153846156 0.04447115384615385 0.10576923076923077
3 0.32211538461538464 0.27884615384615385 0.030048076923076924 0.07091346153846154
9 0.7043269230769231 0.28846153846153844 0.03245192307692308 0.07091346153846154
1 0.21394230769230768 0.3004807692307692 0.05889423076923077 0.15625
7 0.8088942307692307 0.3245192307692308 0.0673076923076923 0.1502403846153846