9 0.6081730769230769 0.41346153846153844 0.03365384615384615 0.078125
5 0.027644230769230768 0.4723557692307692 0.054086538461538464 0.09495192307692307
2 0.5420673076923077 0.49759615384615385 0.04567307692307692 0.12139423076923077
11 0.8413461538461539 0.5829326923076923 0.06129807692307692 0.10336538461538461
2 0.3485576923076923 0.5913461538461539 0.06009615384615385 0.12139423076923077
6 0.12379807692307693 0.6021634615384616 0.06971153846153846 0.12259615384615384
9 0.3173076923076923 0.7307692307692307 0.046875 0.09014423076923077
3 0.6682692307692307 0.7355769230769231 0.04567307692307692 0.09014423076923077
6 0.6586538461538461 0.14903846153846154 0.036057692307692304 0.09975961538461539
3 0.46634615384615385 0.16466346153846154 0.02403846153846154 0.06490384615384616
9 0.3293269230769231 0.17668269230769232 0.030048076923076924 0.06610576923076923
8 0.4567307692307692 0.20432692307692307 0.03365384615384615 0.10697115384615384
9 0.38221153846153844 0.2283653846153846 0.030048076923076924 0.06971153846153846
9 0.5408653846153846 0.2800480769230769 0.030048076923076924 0.07211538461538461
11 0.7764423076923077 0.31971153846153844 0.04567307692307692 0.0889423076923077
0 0.36538461538461536 0.33052884615384615 0.040865384615384616 0.11177884615384616