6 0.4206730769230769 0.35336538461538464 0.039663461538461536 0.0985576923076923
0 0.5709134615384616 0.36177884615384615 0.039663461538461536 0.09975961538461539
3 0.4879807692307692 0.3641826923076923 0.03125 0.0673076923076923
9 0.6418269230769231 0.3713942307692308 0.03245192307692308 0.07091346153846154
11 0.7992788461538461 0.37259615384615385 0.04567307692307692 0.07932692307692307
2 0.3233173076923077 0.4206730769230769 0.037259615384615384 0.10096153846153846
10 0.6586538461538461 0.4266826923076923 0.06009615384615385 0.12620192307692307
9 0.40024038461538464 0.43509615384615385 0.03245192307692308 0.07211538461538461
8 0.21754807692307693 0.5012019230769231 0.052884615384615384 0.10697115384615384
0 0.6502403846153846 0.5168269230769231 0.04567307692307692 0.09735576923076923
2 0.4963942307692308 0.5240384615384616 0.039663461538461536 0.10096153846153846
4 0.31009615384615385 0.6009615384615384 0.05889423076923077 0.13221153846153846
1 0.8461538461538461 0.6081730769230769 0.07932692307692307 0.13701923076923078
11 0.5829326923076923 0.6310096153846154 0.04326923076923077 0.0889423076923077
9 0.6911057692307693 0.6466346153846154 0.04447115384615385 0.07692307692307693
5 0.7692307692307693 0.7307692307692307 0.057692307692307696 0.09014423076923077
3 0.49158653846153844 0.18389423076923078 0.028846153846153848 0.06370192307692307
3 0.6081730769230769 0.18389423076923078 0.026442307692307692 0.06490384615384616
3 0.7403846153846154 0.19471153846153846 0.03245192307692308 0.06370192307692307
5 0.2776442307692308 0.21875 0.036057692307692304 0.07692307692307693
3 0.35216346153846156 0.23197115384615385 0.027644230769230768 0.06370192307692307
9 0.5600961538461539 0.24759615384615385 0.030048076923076924 0.06610576923076923
8 0.27163461538461536 0.2692307692307692 0.04326923076923077 0.10216346153846154
7 0.7716346153846154 0.2776442307692308 0.05889423076923077 0.13221153846153846
9 0.3557692307692308 0.2920673076923077 0.03125 0.0673076923076923
3 0.4855769230769231 0.2932692307692308 0.028846153846153848 0.06610576923076923