0 0.38221153846153844 0.33413461538461536 0.042067307692307696 0.11298076923076923
3 0.5384615384615384 0.34375 0.03245192307692308 0.07692307692307693
0 0.8185096153846154 0.39783653846153844 0.051682692307692304 0.11658653846153846
5 0.4567307692307692 0.4074519230769231 0.038461538461538464 0.0985576923076923
9 0.5540865384615384 0.41466346153846156 0.036057692307692304 0.078125
3 0.359375 0.4254807692307692 0.037259615384615384 0.078125
1 0.44711538461538464 0.4831730769230769 0.054086538461538464 0.16826923076923078
3 0.6430288461538461 0.5084134615384616 0.037259615384615384 0.08533653846153846
9 0.5564903846153846 0.5865384615384616 0.04326923076923077 0.08774038461538461
2 0.3473557692307692 0.6021634615384616 0.05048076923076923 0.12259615384615384
3 0.7620192307692307 0.6033653846153846 0.04447115384615385 0.08653846153846154
9 0.13942307692307693 0.6057692307692307 0.055288461538461536 0.09254807692307693
8 0.07692307692307693 0.6959134615384616 0.078125 0.125
3 0.5528846153846154 0.7079326923076923 0.04567307692307692 0.09134615384615384
2 0.8978365384615384 0.7139423076923077 0.07451923076923077 0.12980769230769232
3 0.44471153846153844 0.7295673076923077 0.04447115384615385 0.09254807692307693
9 0.18509615384615385 0.7548076923076923 0.055288461538461536 0.09495192307692307
7 0.3245192307692308 0.14182692307692307 0.046875 0.13822115384615385
8 0.6490384615384616 0.14543269230769232 0.036057692307692304 0.10697115384615384
9 0.7163461538461539 0.1502403846153846 0.030048076923076924 0.06850961538461539
11 0.5324519230769231 0.15865384615384615 0.03365384615384615 0.07932692307692307
9 0.4362980769230769 0.1778846153846154 0.030048076923076924 0.06850961538461539
6 0.7512019230769231 0.19110576923076922 0.039663461538461536 0.1045673076923077
6 0.6574519230769231 0.19951923076923078 0.037259615384615384 0.10216346153846154
4 0.32211538461538464 0.19951923076923078 0.05048076923076923 0.13221153846153846
9 0.24879807692307693 0.21995192307692307 0.03245192307692308 0.07211538461538461
9 0.5168269230769231 0.2247596153846154 0.030048076923076924 0.07091346153846154
11 0.7620192307692307 0.265625 0.042067307692307696 0.08774038461538461
5 0.45913461538461536 0.2668269230769231 0.036057692307692304 0.09014423076923077
3 0.29447115384615385 0.27283653846153844 0.03365384615384615 0.07451923076923077
3 0.6081730769230769 0.2764423076923077 0.03125 0.07451923076923077
10 0.20072115384615385 0.32211538461538464 0.06610576923076923 0.14182692307692307