4 0.21634615384615385 0.29447115384615385 0.06971153846153846 0.15865384615384615
1 0.2091346153846154 0.3713942307692308 0.06971153846153846 0.1875
0 0.24759615384615385 0.21153846153846154 0.052884615384615384 0.13701923076923078
5 0.15865384615384615 0.734375 0.06971153846153846 0.13221153846153846
5 0.25961538461538464 0.06610576923076923 0.04807692307692308 0.11538461538461539
2 0.5576923076923077 0.39302884615384615 0.055288461538461536 0.13221153846153846
2 0.4098557692307692 0.12980769230769232 0.05048076923076923 0.125
3 0.34134615384615385 0.06370192307692307 0.040865384615384616 0.09615384615384616
3 0.3317307692307692 0.14302884615384615 0.040865384615384616 0.08653846153846154
3 0.3245192307692308 0.2283653846153846 0.04326923076923077 0.0985576923076923
3 0.29086538461538464 0.5084134615384616 0.052884615384615384 0.0985576923076923
3 0.3016826923076923 0.4026442307692308 0.04807692307692308 0.10096153846153846
3 0.484375 0.3004807692307692 0.04326923076923077 0.0985576923076923
3 0.38100961538461536 0.6165865384615384 0.04807692307692308 0.10576923076923077
3 0.3557692307692308 0.7415865384615384 0.05048076923076923 0.11057692307692307
10 0.8112980769230769 0.2764423076923077 0.0625 0.17067307692307693
7 0.8269230769230769 0.3629807692307692 0.0673076923076923 0.19471153846153846
8 0.6346153846153846 0.1971153846153846 0.04807692307692308 0.1346153846153846
8 0.8305288461538461 0.6033653846153846 0.0625 0.13701923076923078
6 0.8413461538461539 0.4879807692307692 0.05048076923076923 0.1346153846153846
6 0.8076923076923077 0.20552884615384615 0.04807692307692308 0.1346153846153846
9 0.5612980769230769 0.30288461538461536 0.040865384615384616 0.09375
9 0.5709134615384616 0.13942307692307693 0.04326923076923077 0.09615384615384616
9 0.7139423076923077 0.057692307692307696 0.040865384615384616 0.09615384615384616
9 0.7163461538461539 0.22235576923076922 0.04326923076923077 0.10096153846153846
9 0.7247596153846154 0.4074519230769231 0.04807692307692308 0.10096153846153846
9 0.7355769230769231 0.5120192307692307 0.05048076923076923 0.10096153846153846
9 0.7367788461538461 0.6141826923076923 0.04807692307692308 0.10096153846153846
9 0.5516826923076923 0.7355769230769231 0.052884615384615384 0.10576923076923077