9 0.3894230769230769 0.34375 0.03485576923076923 0.078125
3 0.5504807692307693 0.4170673076923077 0.03485576923076923 0.078125
3 0.2824519230769231 0.42427884615384615 0.037259615384615384 0.07692307692307693
3 0.7139423076923077 0.42788461538461536 0.038461538461538464 0.07932692307692307
9 0.4326923076923077 0.5240384615384616 0.037259615384615384 0.078125
5 0.25 0.5925480769230769 0.054086538461538464 0.1045673076923077
2 0.6466346153846154 0.5949519230769231 0.05889423076923077 0.1201923076923077
8 0.44711538461538464 0.6057692307692307 0.04807692307692308 0.12379807692307693
5 0.8954326923076923 0.13822115384615385 0.056490384615384616 0.039663461538461536
11 0.3317307692307692 0.15745192307692307 0.03245192307692308 0.07692307692307693
6 0.859375 0.15865384615384615 0.040865384615384616 0.07572115384615384
2 0.3245192307692308 0.1971153846153846 0.039663461538461536 0.1045673076923077
6 0.46153846153846156 0.20673076923076922 0.037259615384615384 0.1045673076923077
3 0.6153846153846154 0.21995192307692307 0.027644230769230768 0.06850961538461539
8 0.6225961538461539 0.25841346153846156 0.042067307692307696 0.11057692307692307
9 0.32211538461538464 0.27524038461538464 0.03245192307692308 0.07091346153846154
2 0.5396634615384616 0.31971153846153844 0.038461538461538464 0.109375