9 0.6923076923076923 0.3798076923076923 0.0625 0.11778846153846154
1 0.6165865384615384 0.4230769230769231 0.08173076923076923 0.21394230769230768
9 0.021634615384615384 0.43990384615384615 0.042067307692307696 0.10576923076923077
11 0.53125 0.046875 0.04326923076923077 0.09375
0 0.16947115384615385 0.04927884615384615 0.05048076923076923 0.0985576923076923
7 0.2644230769230769 0.5048076923076923 0.09735576923076923 0.21995192307692307
5 0.21754807692307693 0.057692307692307696 0.05048076923076923 0.11538461538461539
4 0.15625 0.6165865384615384 0.11778846153846154 0.20072115384615385
2 0.32572115384615385 0.06370192307692307 0.04567307692307692 0.1141826923076923
8 0.25961538461538464 0.0733173076923077 0.052884615384615384 0.09615384615384616
5 0.054086538461538464 0.10096153846153846 0.06490384615384616 0.12259615384615384
11 0.4639423076923077 0.17427884615384615 0.052884615384615384 0.14182692307692307
9 0.026442307692307692 0.20432692307692307 0.04807692307692308 0.10096153846153846
3 0.08653846153846154 0.2127403846153846 0.054086538461538464 0.0985576923076923
10 0.6742788461538461 0.22115384615384615 0.07572115384615384 0.171875
3 0.04927884615384615 0.3161057692307692 0.06129807692307692 0.1045673076923077