9 0.8040865384615384 0.38341346153846156 0.038461538461538464 0.06971153846153846
1 0.5576923076923077 0.41466346153846156 0.046875 0.12980769230769232
8 0.234375 0.4266826923076923 0.04447115384615385 0.09975961538461539
11 0.7271634615384616 0.43149038461538464 0.04447115384615385 0.0829326923076923
5 0.41225961538461536 0.43509615384615385 0.037259615384615384 0.08413461538461539
7 0.8557692307692307 0.6045673076923077 0.08533653846153846 0.1346153846153846
8 0.4735576923076923 0.6225961538461539 0.04447115384615385 0.10216346153846154
6 0.3088942307692308 0.6237980769230769 0.04927884615384615 0.10336538461538461
3 0.171875 0.7319711538461539 0.04567307692307692 0.07091346153846154
2 0.2824519230769231 0.15625 0.037259615384615384 0.09375
3 0.5637019230769231 0.18509615384615385 0.026442307692307692 0.06009615384615385
2 0.6189903846153846 0.22596153846153846 0.037259615384615384 0.09134615384615384
0 0.7572115384615384 0.23317307692307693 0.040865384615384616 0.09254807692307693
10 0.4014423076923077 0.2668269230769231 0.042067307692307696 0.12259615384615384
3 0.24879807692307693 0.29927884615384615 0.03245192307692308 0.06610576923076923