3 0.4675480769230769 0.3425480769230769 0.03125 0.07451923076923077
9 0.5516826923076923 0.34615384615384615 0.03125 0.07451923076923077
4 0.19110576923076922 0.38100961538461536 0.07091346153846154 0.14903846153846154
10 0.8221153846153846 0.40024038461538464 0.07572115384615384 0.14783653846153846
0 0.3786057692307692 0.4014423076923077 0.04447115384615385 0.1141826923076923
3 0.28966346153846156 0.40865384615384615 0.037259615384615384 0.078125
9 0.5432692307692307 0.41586538461538464 0.038461538461538464 0.08052884615384616
0 0.16947115384615385 0.47836538461538464 0.056490384615384616 0.11778846153846154
8 0.6442307692307693 0.4879807692307692 0.04927884615384615 0.12259615384615384
3 0.38221153846153844 0.4963942307692308 0.036057692307692304 0.08173076923076923
9 0.7295673076923077 0.515625 0.042067307692307696 0.08413461538461539
2 0.1502403846153846 0.578125 0.0673076923076923 0.1201923076923077
3 0.25721153846153844 0.6045673076923077 0.04326923076923077 0.08413461538461539
9 0.5697115384615384 0.6057692307692307 0.039663461538461536 0.08653846153846154
11 0.8701923076923077 0.6105769230769231 0.06490384615384616 0.1045673076923077
6 0.6622596153846154 0.7019230769230769 0.056490384615384616 0.12740384615384615
5 0.12259615384615384 0.7139423076923077 0.07091346153846154 0.11177884615384616
3 0.23798076923076922 0.7139423076923077 0.051682692307692304 0.09014423076923077
9 0.78125 0.75 0.052884615384615384 0.0889423076923077
5 0.2764423076923077 0.15745192307692307 0.037259615384615384 0.07932692307692307
3 0.3449519230769231 0.16105769230769232 0.026442307692307692 0.06490384615384616
9 0.6105769230769231 0.17307692307692307 0.028846153846153848 0.0673076923076923
7 0.7668269230769231 0.19591346153846154 0.056490384615384616 0.14423076923076922
6 0.6983173076923077 0.21394230769230768 0.038461538461538464 0.10216346153846154
3 0.33413461538461536 0.21875 0.027644230769230768 0.06971153846153846
9 0.5552884615384616 0.22716346153846154 0.028846153846153848 0.07211538461538461
2 0.39903846153846156 0.2644230769230769 0.039663461538461536 0.109375
8 0.6262019230769231 0.26802884615384615 0.037259615384615384 0.109375
3 0.32211538461538464 0.2776442307692308 0.030048076923076924 0.07091346153846154
11 0.7860576923076923 0.28365384615384615 0.04326923076923077 0.08653846153846154
9 0.7079326923076923 0.29086538461538464 0.03245192307692308 0.07211538461538461
1 0.21394230769230768 0.2980769230769231 0.06129807692307692 0.15865384615384615