9 0.6237980769230769 0.3401442307692308 0.03125 0.07451923076923077
2 0.2776442307692308 0.39903846153846156 0.04807692307692308 0.11538461538461539
3 0.4495192307692308 0.41466346153846156 0.036057692307692304 0.078125
9 0.8137019230769231 0.4266826923076923 0.04447115384615385 0.08052884615384616
3 0.6286057692307693 0.5024038461538461 0.038461538461538464 0.08052884615384616
11 0.15625 0.5120192307692307 0.057692307692307696 0.0985576923076923
3 0.35096153846153844 0.5180288461538461 0.038461538461538464 0.08173076923076923
5 0.7487980769230769 0.5841346153846154 0.052884615384615384 0.10576923076923077
6 0.44711538461538464 0.5889423076923077 0.05048076923076923 0.12379807692307693
8 0.5528846153846154 0.6045673076923077 0.04807692307692308 0.125
6 0.78125 0.7403846153846154 0.06490384615384616 0.12620192307692307
9 0.109375 0.11778846153846154 0.027644230769230768 0.052884615384615384
5 0.5300480769230769 0.15625 0.030048076923076924 0.08052884615384616
3 0.3137019230769231 0.22956730769230768 0.030048076923076924 0.06971153846153846
8 0.3762019230769231 0.25721153846153844 0.042067307692307696 0.11057692307692307
2 0.6911057692307693 0.265625 0.04567307692307692 0.11177884615384616
9 0.5264423076923077 0.2800480769230769 0.03245192307692308 0.07451923076923077
0 0.46033653846153844 0.31850961538461536 0.039663461538461536 0.11177884615384616