9 0.9783653846153846 0.43990384615384615 0.042067307692307696 0.10817307692307693
11 0.4699519230769231 0.046875 0.04567307692307692 0.09375
0 0.8305288461538461 0.04927884615384615 0.046875 0.0985576923076923
5 0.7860576923076923 0.056490384615384616 0.04326923076923077 0.11298076923076923
7 0.8617788461538461 0.6105769230769231 0.1201923076923077 0.22355769230769232
2 0.6742788461538461 0.06370192307692307 0.046875 0.1141826923076923
8 0.7415865384615384 0.07451923076923077 0.052884615384615384 0.09495192307692307
5 0.9471153846153846 0.0985576923076923 0.06610576923076923 0.12620192307692307
9 0.8449519230769231 0.12740384615384615 0.05048076923076923 0.09495192307692307
9 0.6670673076923077 0.14302884615384615 0.051682692307692304 0.10216346153846154
11 0.5360576923076923 0.171875 0.055288461538461536 0.14423076923076922
9 0.9735576923076923 0.20432692307692307 0.04807692307692308 0.10096153846153846
3 0.9134615384615384 0.2127403846153846 0.056490384615384616 0.09975961538461539
10 0.23197115384615385 0.21754807692307693 0.08413461538461539 0.17307692307692307
3 0.9519230769230769 0.31490384615384615 0.0625 0.1045673076923077
1 0.3125 0.3233173076923077 0.0829326923076923 0.2127403846153846