10 0.390625 0.3581730769230769 0.078125 0.18269230769230768
2 0.3798076923076923 0.44350961538461536 0.06850961538461539 0.15625
9 0.6358173076923077 0.4579326923076923 0.06370192307692307 0.12259615384615384
8 0.8305288461538461 0.5408653846153846 0.0889423076923077 0.15985576923076922
3 0.29086538461538464 0.5456730769230769 0.06850961538461539 0.12740384615384615
9 0.7391826923076923 0.5456730769230769 0.06850961538461539 0.12379807692307693
5 0.1778846153846154 0.625 0.09375 0.171875
11 0.8461538461538461 0.6502403846153846 0.09735576923076923 0.17427884615384615
9 0.7427884615384616 0.6526442307692307 0.0733173076923077 0.13341346153846154
3 0.26322115384615385 0.6538461538461539 0.07211538461538461 0.13221153846153846
7 0.7439903846153846 0.10697115384615384 0.07091346153846154 0.18990384615384615
5 0.27524038461538464 0.12259615384615384 0.056490384615384616 0.13221153846153846
3 0.3425480769230769 0.13942307692307693 0.04927884615384615 0.10336538461538461
9 0.6670673076923077 0.14543269230769232 0.05048076923076923 0.1045673076923077
2 0.2704326923076923 0.1778846153846154 0.05889423076923077 0.13942307692307693
9 0.9735576923076923 0.20552884615384615 0.04807692307692308 0.0985576923076923
3 0.9134615384615384 0.21394230769230768 0.055288461538461536 0.10216346153846154
0 0.24879807692307693 0.23918269230769232 0.05889423076923077 0.13822115384615385
11 0.6923076923076923 0.23918269230769232 0.06370192307692307 0.14302884615384615
3 0.3942307692307692 0.2512019230769231 0.054086538461538464 0.11298076923076923
9 0.5408653846153846 0.2548076923076923 0.055288461538461536 0.109375
1 0.23557692307692307 0.265625 0.0829326923076923 0.2091346153846154
4 0.6177884615384616 0.28365384615384615 0.07211538461538461 0.17668269230769232
6 0.9723557692307693 0.3004807692307692 0.054086538461538464 0.13221153846153846
9 0.7043269230769231 0.3137019230769231 0.05889423076923077 0.11298076923076923