9 0.2824519230769231 0.3485576923076923 0.03365384615384615 0.0733173076923077
9 0.08052884615384616 0.35096153846153844 0.042067307692307696 0.07211538461538461
10 0.35336538461538464 0.40024038461538464 0.06009615384615385 0.14783653846153846
6 0.5408653846153846 0.4110576923076923 0.04447115384615385 0.11899038461538461
9 0.44591346153846156 0.5012019230769231 0.040865384615384616 0.08533653846153846
3 0.5516826923076923 0.5096153846153846 0.038461538461538464 0.08052884615384616
11 0.15865384615384615 0.5108173076923077 0.057692307692307696 0.09735576923076923
9 0.5504807692307693 0.5985576923076923 0.039663461538461536 0.08533653846153846
3 0.6454326923076923 0.6033653846153846 0.042067307692307696 0.08533653846153846
9 0.4338942307692308 0.7235576923076923 0.04326923076923077 0.09014423076923077
3 0.7824519230769231 0.734375 0.052884615384615384 0.09134615384615384
0 0.3293269230769231 0.15144230769230768 0.03485576923076923 0.09975961538461539
5 0.7403846153846154 0.15625 0.036057692307692304 0.08052884615384616
3 0.6646634615384616 0.16706730769230768 0.030048076923076924 0.06490384615384616
3 0.5985576923076923 0.21634615384615385 0.027644230769230768 0.07091346153846154
11 0.2439903846153846 0.21875 0.040865384615384616 0.0829326923076923
7 0.30649038461538464 0.24879807692307693 0.051682692307692304 0.14903846153846154
1 0.7211538461538461 0.31490384615384615 0.06009615384615385 0.15745192307692307
9 0.051682692307692304 0.328125 0.040865384615384616 0.07211538461538461