3 0.2824519230769231 0.42427884615384615 0.037259615384615384 0.07692307692307693
3 0.6346153846153846 0.42788461538461536 0.037259615384615384 0.08052884615384616
9 0.8341346153846154 0.5084134615384616 0.04567307692307692 0.078125
8 0.4543269230769231 0.5853365384615384 0.04807692307692308 0.12740384615384615
5 0.2512019230769231 0.5925480769230769 0.051682692307692304 0.10336538461538461
5 0.9170673076923077 0.14182692307692307 0.056490384615384616 0.040865384615384616
6 0.8605769230769231 0.15625 0.036057692307692304 0.07692307692307693
3 0.546875 0.17307692307692307 0.02403846153846154 0.06490384615384616
6 0.46153846153846156 0.20432692307692307 0.038461538461538464 0.1045673076923077
11 0.5504807692307693 0.21875 0.03125 0.08173076923076923
3 0.6850961538461539 0.2247596153846154 0.030048076923076924 0.06971153846153846
9 0.32211538461538464 0.27403846153846156 0.03245192307692308 0.0733173076923077
9 0.4639423076923077 0.3329326923076923 0.03485576923076923 0.078125